0.395184
0.422290
0.773726
0.458671
0.491282
0.710922
0.407482
0.490231
0.767004
0.733018
0.404748
0.457907
0.414923
0.350126
0.579392
0.643739
0.280585
0.621337
0.570502
0.543816
0.616846
0.408438
0.703525
0.506300
0.494201
0.707759
0.529950
0.706820
0.445222
0.385392
0.612826
0.564027
0.607983
0.607737
0.786740
0.215686
0.571537
0.362493
0.606257
0.636139
0.430710
0.361786
0.261524
0.359177
0.388979
0.462613
0.352255
0.653512
0.369003
0.791380
0.726810
0.352204
0.704765
0.398413
0.470083
0.716061
0.691100
0.475558
0.780237
0.345136
0.550096
0.681241
0.537620
0.666312
0.398539
0.414286
0.672601
0.461883
0.498469
0.471655
0.443557
0.370223
0.437903
0.682729
0.321733
0.162251
0.471545
0.768662
0.712342
0.416843
0.536620
0.860777
0.296595
0.364638
0.142952
0.421317
0.381362
0.686047
0.577238
0.461903
0.695054
0.775347
0.276535
0.719816
0.509810
0.455970
0.457273
0.222664
0.657294
0.375345
0.258286
0.604844
0.751736
0.743509
0.417682
0.638039
0.569907
0.640157
0.488859
0.375218
0.221261
0.466228
0.509046
0.245332
0.576032
0.684870
0.586790
0.507834
0.315111
0.386615
0.633705
0.303186
0.286407
0.481864
0.729144
0.554931
0.279504
0.418522
0.627624
0.441663
0.713105
0.413877
0.300928
0.284889
0.753212
0.388698
0.738598
0.250950
0.360650
0.649853
0.562333
0.397910
0.622539
0.205897
0.269445
0.603523
0.616564
0.740732
0.404504
0.654480
0.229243
0.242178
0.534706
0.198415
0.564342
0.417419
0.311168
0.452794
0.535546
0.587479
0.209792
0.648703
0.682381
0.318280
0.307464
0.770669
0.273886
0.372512
0.225898
0.305859
0.568133
0.435031
0.365536
0.667063
0.289964
0.433913
0.763156
0.372720
0.406360
0.661772
0.515528
0.342009
0.576780
0.297420
0.571108
0.528254
0.779808
0.699204
0.189744
0.723897
0.550975
0.827239
0.608746
0.758121
0.275293
0.672238
0.307321
0.712028
0.699750
0.819531
0.827074
0.627988
0.577675
0.076108
0.679267
0.039506
0.291513
0.385566
0.757566
0.458615
0.535856
0.423540
0.687150
0.700185
0.231880
0.404478
0.538691
0.631440
0.548702
0.487298
0.660473
0.524319
0.622350
0.523569
0.439203
0.718444
0.413587
0.406631
0.675383
0.383549
0.335105
0.451716
0.470088
0.689869
0.718833
0.109165
0.356745
0.716549
0.545543
0.295233
0.582550
0.397138
0.641829
0.546917
0.263163
0.530651
0.358838
0.409552
0.293214
0.718466
0.598769
0.434800
0.274625
0.329547
0.693515
0.162717
0.505927
0.334825
0.826841
0.499456
0.699932
0.705251
0.318167
0.718357
0.370821
0.624712
0.415835
0.602327
0.417775
0.341860
0.607406
0.527785
0.179745
0.628666
0.721041
0.287747
0.701586
0.747078
0.712194
0.224004
0.619893
0.627702
0.639514
0.423416
0.284089
0.413923
0.809090
0.621130
0.197683
0.382802
0.329176
0.378937
0.473104
0.299572
0.712594
0.290777
0.527906
0.621172
0.535253
0.668053
0.291356
0.434951
0.568806
0.396086
0.505434
0.429079
0.638596
0.806965
0.428878
0.413210
0.766645
0.588138
0.514362
0.807540
0.457829
0.359769
0.900460
0.360979
0.627019
0.674340
0.587116
0.573205
0.514284
0.402568
0.185023
0.398788
0.205694
0.892584
0.292391
0.234166
0.567585
0.388888
0.614640
0.528154
0.609220
0.571095
0.714565
0.223378
0.291740
0.450251
0.689281
0.692418
0.694803
0.683943
0.403395
0.130862
0.650681
0.607197
0.297424
0.335424
0.588368
0.567149
0.593138
0.644175
0.286058
0.453814
0.678729
0.428544
0.500650
0.809457
0.571868
0.451707
0.438530
0.670280
0.427377
0.610924
0.466177
0.632140
0.354598
0.509370
0.323749
0.428856
0.706101
0.276295
0.606758
0.616973
0.485498
0.457021
0.673555
0.613773
0.665728
0.455186
0.519698
0.530352
0.558506
0.517929
0.087500
0.136773
0.258929
0.262812
0.679679
0.201059
0.476040
0.205328
0.718815
0.652235
0.371634
0.381698
0.398563
0.540782
0.441163
0.238353
0.232823
0.550314
0.701870
0.626324
0.905938
0.280083
0.437537
0.457207
0.562930
0.334659
0.630486
0.567187
0.457758
0.374016
0.942933
0.283262
0.513569
0.254189
0.551149
0.616761
0.654509
0.397309
0.540218
0.554086
0.384316
0.420076
0.323149
0.289039
0.465319
0.498051
0.197113
0.462573
0.698567
0.451539
0.497398
0.721785
0.798797
0.476309
0.445557
0.589376
0.728622
0.447632
0.407592
0.200469
0.505545
0.644038
0.730275
0.479060
0.495889
0.599047
0.400190
0.627844
0.519518
0.633651
0.369276
0.434880
0.263338
0.392239
0.529918
0.311445
0.454920
0.256130
0.410164
0.639103
0.643850
0.377768
0.781452
0.501634
0.566085
0.571460
0.585333
0.344335
0.621390
0.634568
0.370843
0.332229
0.370213
0.571117
0.348237
0.400383
0.582969
0.403558
0.408394
0.124880
0.350580
0.505179
0.764254
0.466727
0.360443
0.606468
0.566373
0.384703
0.426235
0.468107
0.541413
0.068513
0.611065
0.457270
0.749232
0.711716
0.510289
0.559806
0.655646
0.777116
0.705418
0.451211
0.572590
0.582188
0.381228
0.301104
0.622211
0.402590
0.457787
0.474876
0.600203
0.417357
0.345702
0.295159
0.633419
0.620942
0.383246
0.300205
0.783919
0.708255
0.659978
0.152946
0.319725
0.457906
0.412759
0.646734
0.417581
0.307763
0.579404
0.335839
0.573348
0.592046
0.511949
0.565598
0.580934
0.277289
0.481897
0.453547
0.885526
0.628319
0.528823
0.500296
0.409568
0.748108
0.588474
0.576865
0.284944
0.629599
0.832903
0.581303
0.202246
0.655747
0.607542
0.064095
0.606019
0.564913
0.616464
0.644719
0.844844
0.295901
0.219088
0.490228
0.444274
0.833444
0.405556
0.784909
0.607695
0.320669
0.464658
0.454810
0.445409
0.467696
0.806619
0.783285
0.205473
0.394336
0.618447
0.430471
0.580685
0.203404
0.234969
0.365745
0.345979
0.691031
0.198472
0.291616
0.648683
0.492988
0.443443
0.764638
0.595401
0.659532
0.957901
0.311981
0.356541
0.404690
0.422016
0.671512
0.658551
0.438247
0.399575
0.024801
0.534114
0.024523
0.181887
0.277286
0.741260
0.659000
0.694456
0.675928
0.442962
0.257127
0.832064
0.391761
0.176737
0.631814
0.703351
0.554978
0.444367
0.488007
0.487049
0.845109
0.678157
0.401351
0.774553
0.616097
0.544617
0.558630
0.272908
0.690821
0.332994
0.232582
0.603858
0.386302
0.477872
0.595663
0.408606
0.389281
0.671256
0.575120
0.894047
0.612068
0.791109
0.659953
0.397402
0.379635
0.519670
0.693021
0.655149
0.320776
0.696591
0.509732
0.522259
0.198169
0.496335
0.652221
0.484672
0.239760
0.461261
0.508663
0.590818
0.322523
0.300771
0.648671
0.449308
0.346740
0.599880
0.593978
0.516700
0.471957
0.725034
0.760102
0.314293
0.459042
0.568357
0.635532
0.611869
0.619278
0.869283
0.431342
0.403694
0.616502
0.442361
0.527852
0.245141
0.270716
0.304429
0.562891
0.663262
0.309360
0.656622
0.425914
0.571250
0.703201
0.323929
0.615331
0.671524
0.600974
0.529724
0.537908
0.580273
0.516437
0.544420
0.532726
0.698460
0.305873
0.559090
0.593310
0.747704
0.707920
0.686323
0.539374
0.861578
0.543919
0.608270
0.495036
0.422518
0.648356
0.589441
0.370081
0.382506
0.735246
0.439029
0.558027
0.471126
0.578622
0.341942
0.527922
0.338932
0.183544
0.254894
0.604888
0.686507
0.555380
0.184793
0.872595
0.581225
0.752335
0.727338
0.173684
0.407172
0.270339
0.561127
0.728695
0.209743
0.292469
0.604451
0.674820
0.847885
0.289601
0.643291
0.057630
0.595572
0.861964
0.574329
0.319732
0.401043
0.556733
0.453711
0.785332
0.374064
0.716227
0.507710
0.531747
0.542848
0.513862
0.845113
0.295899
0.392949
0.445132
0.493030
0.338571
0.359516
0.606887
0.381491
0.749403
0.527945
0.348896
0.087413
0.628156
0.513031
0.608395
0.851204
0.707154
0.311048
0.696260
0.645370
0.457983
0.263469
0.318945
0.592939
0.823922
0.555567
0.604224
0.673852
0.728494
0.710089
0.434010
0.562518
0.438910
0.461312
0.408471
0.444988
0.423403
0.260141
0.652487
0.264594
0.387463
0.448650
0.158185
0.401457
0.737666
0.090292
0.643247
0.104524
0.523226
0.581242
0.593732
0.800801
0.549479
0.684003
0.413194
0.780040
0.742427
0.786942
0.534821
0.591851
0.257479
0.681563
0.422889
0.082700
0.298841
0.654181
0.608472
0.525279
0.430670
0.704304
0.234166
0.511595
0.277548
0.357934
0.514544
0.610889
0.620045
0.655759
0.182437
0.528899
0.955713
0.434123
0.296506
0.376985
0.609125
0.564353
0.785531
0.381323
0.402284
0.329647
0.542605
0.685851
0.257207
0.284065
0.663857
0.376678
0.188843
0.447635
0.103465
0.416220
0.527902
0.545158
0.431009
0.228622
0.472549
0.423563
0.509271
0.624922
0.440299
0.688678
0.029834
0.607640
0.602608
0.431664
0.084858
0.264673
0.331767
0.258574
0.487320
0.466117
0.548857
0.700489
0.392885
0.228427
0.707625
0.308790
0.279811
0.372610
0.910684
0.585729
0.666781
0.214069
0.586119
0.464370
0.764967
0.348008
0.598589
0.201245
0.404157
0.665163
0.393631
0.319155
0.381776
0.964283
0.324116
0.778859
0.377258
0.241318
0.799962
0.857233
0.529325
0.671612
0.429455
0.413018
0.623779
0.733218
0.458196
0.641543
0.389129
0.393326
0.450504
0.373934
0.705970
0.569793
0.291196
0.584977
0.528259
0.297939
0.653129
0.332004
0.358873
0.747370
0.573635
0.570595
0.594503
0.375641
0.265382
0.375922
0.461676
0.336054
0.282329
0.129452
0.568921
0.542737
0.543582
0.315982
0.446979
0.204387
0.723781
0.354270
0.596136
0.245462
0.327595
0.125644
0.358457
0.282260
0.470781
0.466282
0.639032
0.507946
0.299171
0.544681
0.629850
0.632415
0.422656
0.647429
0.441374
0.632617
0.328944
0.438955
0.626560
0.662634
0.592654
0.418472
0.476487
0.759647
0.753095
0.638721
0.716800
0.463764
0.469025
0.573749
0.395273
0.175557
0.622367
-0.053147
0.515379
0.397294
0.543169
0.633992
0.655614
0.220347
0.530624
0.330585
0.557587
0.761043
0.669275
0.415799
0.112658
0.526812
0.613674
0.636609
0.864185
0.583302
0.486809
0.671169
0.479663
0.705243
0.346731
0.588824
0.578318
0.434211
0.663437
0.705698
0.308033
0.726012
0.668328
0.290539
0.507088
0.629385
0.603848
0.762981
0.662116
0.706017
0.867817
0.408130
0.610193
0.547584
0.562118
0.618732
0.376738
0.727985
0.485925
0.501790
0.383171
0.574172
0.345534
0.350461
0.582853
0.704903
0.155662
0.518448
0.715654
0.608669
0.566460
0.363762
0.178569
0.308168
0.618217
0.287263
0.738075
0.725523
0.553757
0.324878
0.782564
0.624251
0.571797
0.338128
0.357822
0.682145
0.346945
0.487385
0.534249
0.741192
0.823423
0.713457
0.236186
0.525870
0.542252
0.588458
0.301926
0.772100
0.470748
0.167883
0.355899
0.335513
0.468217
0.198516
0.433477
0.778055
0.598376
0.610624
0.735173
0.473801
0.226401
0.666476
0.300111
0.506274
0.685346
0.565190
0.381920
0.552804
0.881373
0.265401
0.797675
0.379668
0.486539
0.407634
0.738578
0.634511
0.331768
0.631567
0.368744
0.535103
0.691073
0.720249
0.411522
0.727414
0.541590
0.634361
0.351687
0.650813
0.596437
0.436018
0.621752
0.679203
0.502552
0.616992
0.682668
0.339884
0.434025
0.424891
0.322185
0.400904
0.568237
0.413363
0.828721
0.554829
0.465243
0.364089
0.601052
0.661599
0.482845
0.292413
0.541976
0.519426
0.509752
0.448645
0.636393
0.752774
0.367213
0.379365
0.553777
0.548906
0.856804
0.325074
0.573310
0.620745
0.538775
0.614168
0.632076
0.938037
0.441896
0.333856
0.836916
0.654606
0.569045
0.452693
0.393020
0.626866
0.693541
0.626091
0.476545
0.555668
0.748348
0.599376
0.486513
0.290773
0.663991
0.168860
0.486385
0.506077
0.571378
0.573295
0.623227
0.696086
0.450371
0.501394
0.170686
0.640396
0.596272
0.274498
0.625752
0.359235
0.323186
0.493038
0.229969
0.690975
0.548970
0.373606
0.568462
0.585548
0.621653
0.641596
0.426988
0.309231
0.421882
0.737210
0.217224
0.462862
0.234811
0.386204
0.618933
0.372365
0.281069
0.634959
0.509960
0.668866
0.723878
0.770886
0.257420
0.611774
0.478157
0.582283
0.568354
0.906813
0.539570
0.598269
0.415080
0.596356
0.511039
0.346777
0.686073
0.600436
0.791635
0.355267
0.243936
0.677155
0.351214
0.629558
0.489972
0.513808
0.412333
0.405420
0.489075
0.223010
0.186270
0.441257
0.634973
0.653932
0.636332
0.321277
0.455483
0.666608
0.415993
0.530148
0.413215
0.702244
0.239608
0.423430
0.317862
0.371759
0.402110
0.410048
0.362842
0.539291
0.648844
0.295271
0.433840
0.420657
0.219230
0.545271
0.573518
0.262362
0.448994
0.747914
0.649617
0.142117
0.492024
0.689651
0.614174
0.579174
0.426561
0.434297
0.405373
0.368327
0.598040
0.526351
0.135328
0.379717
0.307186
0.447949
0.377025
0.602788
0.446700
0.167836
0.280939
0.540468
0.344904
0.363623
0.434006
0.350893
0.705596
0.278376
0.489105
0.360732
0.658540
0.377010
0.455481
0.561541
0.282446
0.264906
0.619081
0.591625
0.301152
0.722126
0.333428
0.634612
0.383090
0.626149
0.338051
0.367329
0.233741
0.434341
0.402696
0.709604
0.260208
0.644619
0.258950
0.622269
0.664565
0.404940
0.548103
0.152223
0.602468
0.622314
0.470559
0.292821
0.424414
0.625237
0.508211
0.882427
0.806273
0.454695
0.448964
0.375592
0.645406
0.465130
0.444121
0.233862
0.120129
-0.058112
0.857069
0.640850
0.709805
0.220729
0.139120
0.316237
0.219475
0.702453
0.567081
0.710148
0.423567
0.709181
0.552234
0.422838
0.355241
0.496555
0.288336
0.775899
0.622313
0.851527
0.424581
0.666889
0.514643
0.303231
0.130119
0.570743
0.490599
0.575044
0.274416
0.448014
0.231323
0.412116
0.602964
0.347474
0.274997
0.399639
0.594610
0.399655
0.557723
0.124531
0.713863
0.515323
0.644887
0.545771
0.510086
0.397968
0.328600
0.403978
0.669892
0.377434
0.823199
0.502484
0.753128
0.311176
0.264334
0.276986
0.937854
0.492623
0.450729
0.376182
0.580574
0.528024
0.640660
0.360528
0.121626
0.631070
0.731220
0.553105
0.652737
0.610830
0.729471
0.425538
0.376707
0.271791
0.583722
0.121054
0.361337
0.418252
0.291083
0.376140
0.307079
0.207266
0.394459
0.648828
0.494001
0.552611
0.578919
0.349114
0.318196
0.433596
0.311516
0.650011
0.583062
0.276643
0.549671
0.507753
0.329659
0.655553
0.364632
0.336797
0.606491
0.631642
0.423758
0.433874
0.743038
0.192749
0.645392
0.620837
0.155953
0.402014
0.818897
0.330441
0.568980
0.524000
0.471738
0.360532
0.616684
0.342322
0.337623
0.498906
0.518936
0.659440
0.457639
0.587603
0.299539
0.893716
0.553633
0.555970
0.134537
0.399779
0.445915
0.462685
0.378658
0.326196
0.318723
0.747327
0.301965
0.473035
0.680769
0.748552
0.412330
0.724959
0.689814
0.420290
0.457174
0.436531
0.354241
0.456581
0.039336
0.603671
0.499648
0.409550
0.670749
0.334723
0.777190
0.449852
0.303864
0.180194
0.677176
0.223525
0.409313
0.413829
0.645969
0.632373
0.609802
0.760469
0.386326
0.651852
0.237375
0.449125
0.455664
0.773653
0.322361
0.286623
0.669802
0.606662
0.459743
0.659003
0.403765
0.322289
0.713313
0.588091
0.651541
0.575208
0.635580
0.622182
0.316178
0.328871
0.855795
0.131758
0.846987
0.478721
0.628419
0.565523
0.362404
0.605631
0.433584
0.446580
0.683793
0.656775
0.239344
0.227311
0.312387
0.270499
0.219176
0.683824
0.277024
0.427546
0.274860
0.345662
0.270007
0.342819
0.212185
0.888453
0.582241
0.355886
0.599293
0.337174
0.576072
0.972801
0.565052
0.566402
0.713248
0.377503
0.711764
0.678291
0.588495
0.398811
0.702704
0.198596
0.100049
0.642602
0.517171
0.589688
0.639000
0.675429
0.316002
0.334806
0.348152
0.383284
0.566613
0.511406
0.485311
0.442555
0.361972
0.461214
0.632366
0.625467
0.327724
0.513663
0.358173
0.491667
0.333667
0.665691
0.396862
0.411512
0.707327
0.609859
0.547567
0.774698
0.575309
0.433271
0.580726
0.582561
0.543363
0.355597
0.803443
0.451369
0.609167
0.544626
0.412313
0.886243
0.566697
0.680828
0.390208
0.829259
0.491248
0.426619
0.265527
0.371441
0.658648
0.456498
0.700517
0.146696
0.559960
0.498477
0.576676
0.370138
0.383133
0.548931
0.407985
0.427659
0.578371
0.287836
0.358134
0.334272
0.332058
0.709943
0.778203
0.655030
0.648463
0.443194
0.547758
0.674408
0.439911
0.674383
0.358592
0.554344
0.498294
0.639171
0.623744
0.473211
0.644172
0.833814
0.589980
0.422904
0.668377
0.385499
0.541432
0.642250
0.546385
0.682503
0.620447
0.287073
0.266512
0.576765
0.148210
0.738019
0.263069
0.412130
0.391531
0.441556
0.401883
0.694441
0.332047
0.780078
0.238848
0.327725
0.342419
0.238258
0.909882
0.320645
0.732791
0.508998
0.751140
0.510378
0.373345
0.615777
0.556665
0.613536
0.664200
0.187232
0.373441
0.586314
0.563007
0.335486
0.188415
0.076131
0.303747
0.692423
0.822105
0.513044
0.657566
0.647310
0.659658
0.560792
0.320421
0.450739
0.794786
0.733271
0.638150
0.757954
0.515523
0.570173
0.722077
0.199264
0.753017
0.290822
0.322694
0.525973
0.799396
0.482952
0.635587
0.373317
0.400652
0.421741
0.426074
0.231605
0.461789
0.498817
0.433549
0.515772
0.400190
0.397781
0.546922
0.435753
0.339438
0.456991
0.401330
0.142229
0.504551
0.670135
0.249543
0.238003
0.587249
0.640281
0.644895
0.182592
0.333633
0.381188
0.220730
0.354711
0.477226
0.288527
0.366676
0.572908
0.785440
0.455450
0.395877
0.530825
0.523398
0.723147
0.619781
0.593155
0.643349
0.624871
0.370590
0.625907
0.667240
0.388307
0.509082
0.768620
0.407922
0.423467
0.523488
0.131923
0.644166
0.762899
0.742588
0.251903
0.294190
0.456915
0.209704
0.372624
0.393743
0.894893
0.149995
0.376835
0.542530
0.434506
0.607620
0.700220
0.867037
0.320272
0.740806
0.816040
0.359745
0.602642
0.430124
0.175152
0.647946
0.705969
0.435051
0.706622
0.564163
0.527776
0.163237
0.389607
0.429266
0.689892
0.406738
0.474632
0.724981
1.038550
0.045475
0.561358
0.421867
0.486059
0.232298
0.207312
0.607924
0.606765
0.443017
0.465866
0.618201
0.323034
0.659862
0.548148
0.438531
0.427454
0.764730
0.738395
0.596068
0.829675
0.635192
0.468350
0.846351
0.677678
0.666330
0.735589
0.618559
0.537329
0.499616
0.466394
0.683151
0.510382
0.592240
0.552252
0.334180
0.320465
0.428703
0.732763
0.627416
0.795145
0.626313
0.623086
0.333034
0.562884
0.731514
0.415534
0.322663
0.540116
0.345851
0.307457
0.230775
0.513840
0.663369
0.294306
0.402066
0.103762
0.745263
0.653802
0.448548
0.393060
0.725499
0.411998
0.452510
0.666777
0.519063
0.475350
0.689302
0.317213
0.528084
0.590222
0.384124
0.605387
0.860108
0.659397
0.705832
0.413476
0.578257
0.234461
0.544569
0.388545
0.405465
0.500271
0.354653
0.495961
0.303802
0.806004
0.805070
0.270341
0.435587
0.496930
0.627729
0.282542
0.455597
0.599253
0.363357
0.402210
0.601952
0.509781
0.444707
0.384837
0.655332
0.426835
0.601238
0.865545
0.605019
0.419651
0.687609
0.613321
0.699168
0.797420
0.686336
0.318680
0.674093
0.346478
0.359925
0.588949
0.185748
0.255174
0.379215
0.501617
0.562698
0.178510
0.820798
0.775699
0.379657
0.440643
0.300327
0.577221
0.301587
0.630084
0.585492
0.389667
0.776383
0.585532
0.573693
0.485520
0.836309
0.372881
0.233485
0.723898
0.247516
0.668560
0.595186
0.673616
0.353886
0.264865
0.684447
0.371628
0.506785
0.308612
0.624560
0.546372
0.432836
0.327226
0.307785
0.425783
0.636114
0.181410
0.620676
0.587621
0.522159
0.538524
0.463903
0.383268
0.281157
0.497379
0.288012
0.560533
0.143997
0.547574
0.789613
0.177251
0.614936
0.894886
0.371069
0.353309
0.390350
0.746505
0.628012
0.234326
0.604446
0.718728
0.372741
0.678208
0.602246
0.540079
0.414311
0.501711
0.381436
0.694866
0.313541
0.557509
0.388591
0.369332
0.792796
0.708222
0.365951
0.419768
0.526470
0.201613
0.774113
0.891134
0.255605
0.640965
0.618498
0.746284
0.432449
0.830946
0.375437
0.298109
0.281760
0.519010
0.482390
0.619000
0.524502
0.623968
0.746850
0.555395
0.627862
0.225019
0.530138
0.411456
0.566531
0.392234
0.594106
0.406798
0.318112
0.891370
0.363947
0.858863
0.414030
0.673856
0.239060
0.478810
0.710435
0.386702
0.363624
0.641082
0.666918
0.210435
0.460020
0.243176
0.547557
0.396923
0.384276
0.261627
0.497638
0.568822
0.336896
0.620462
0.637404
0.391391
0.592002
0.514550
0.202216
0.444212
0.439440
0.478602
0.539600
0.430365
0.633358
0.376086
0.399209
0.308991
0.697962
0.415356
0.695739
0.241071
0.664240
0.477416
0.757879
0.655649
0.588495
0.776060
0.911582
0.246319
0.476272
0.316232
0.439277
0.377925
0.434285
0.248450
0.307289
0.476489
0.500316
0.563515
0.542686
0.394056
0.652537
0.679603
0.549079
0.402475
0.472413
0.508540
0.247026
0.769513
0.725446
0.626116
0.849144
0.585956
0.591675
0.548745
0.599780
0.836475
0.511829
0.321957
0.584375
0.294007
0.272687
0.261857
0.722655
0.585850
0.627397
0.648587
0.391248
0.543726
0.473462
0.394113
0.271607
0.698538
0.588044
0.638241
0.335960
0.711650
0.957304
0.799808
0.293043
0.361906
0.598076
0.650650
0.655615
0.730403
0.643308
0.636538
0.439829
0.222930
0.385407
0.559337
0.628501
0.259840
0.606324
0.746700
0.414824
0.577866
0.294060
0.445626
0.274420
0.501545
0.543020
0.639066
0.732451
0.695788
0.673302
0.240397
0.324947
0.448935
0.465273
0.540339
0.212867
0.135024
0.753016
0.654463
0.401850
0.241907
0.284966
0.377280
0.247898
0.567747
0.520512
0.435977
0.549088
0.586398
0.454044
0.333943
0.480399
0.675390
0.754047
0.479596
0.471070
0.370563
0.463674
0.332816
0.649883
0.241860
0.459071
0.445477
0.124164
0.219317
0.883194
0.854912
0.436889
0.606968
0.564521
0.799666
0.638408
0.197436
0.597144
0.537868
0.386150
0.553292
0.376057
0.372122
0.623498
0.579738
0.463108
0.361270
0.718914
0.586296
0.394070
0.593865
0.510578
0.772595
0.231947
0.240592
0.565716
0.453965
0.518127
0.693438
0.457540
0.627383
0.349721
0.332789
0.400974
0.644164
0.672133
0.550654
0.632168
0.378165
0.105327
0.489462
0.518445
0.776272
0.481065
0.464115
0.798461
0.296449
0.281876
0.777513
0.661932
0.602720
0.723955
0.612728
0.370924
0.460612
0.602751
0.529291
0.272368
0.604697
0.253924
0.357622
0.625828
0.562758
0.547151
0.531030
0.492205
0.150669
0.592206
0.364806
0.520611
0.596972
0.507230
0.611576
0.437168
0.590281
0.276400
0.658344
0.357389
0.305919
0.647439
0.667373
0.719320
0.196639
0.368819
0.574374
0.845724
0.279247
0.629499
0.531855
0.687603
0.592506
0.621052
0.673208
0.381813
0.257421
0.546489
0.320359
0.713757
0.450409
0.456916
0.579970
0.412854
0.289868
0.274986
0.446298
0.486930
0.397098
0.740690
0.749411
0.589881
0.634561
0.363090
0.349276
0.424995
0.562902
0.236772
0.693487
0.743731
0.652253
0.374589
0.437560
0.260717
0.484600
0.330075
0.468751
0.527129
0.350974
0.363097
0.309583
0.690003
0.545225
0.593873
0.538827
0.753736
0.567384
0.781148
0.487114
0.387285
0.211585
0.379055
0.406011
0.427337
0.379660
0.714656
0.419012
0.395935
0.235440
0.510991
0.732620
0.260872
0.408879
0.551794
0.646945
0.322094
0.591973
0.629787
0.526816
0.621536
0.487692
0.619886
0.389590
0.353510
0.409792
0.361634
0.728909
0.577852
0.551949
0.764630
0.413607
0.494108
0.634366
0.673984
0.669263
0.146811
0.803946
0.311949
0.603422
0.459205
0.407314
0.383759
0.383846
0.671793
0.392118
0.216811
0.409283
0.515960
0.378456
0.460270
0.276869
0.455099
0.484141
0.378661
0.582384
0.634515
0.492718
0.435461
0.534369
0.326112
0.598672
0.386198
0.689739
0.377040
0.399294
0.565929
0.548360
0.412715
0.566348
0.330923
0.213458
0.334529
0.508371
0.415943
0.491673
0.348386
0.215951
0.643026
0.384840
0.602518
0.368772
0.541345
0.426576
0.620226
0.599414
0.437221
0.342859
0.592542
0.485121
0.336277
0.383890
0.717281
0.338683
0.732721
0.781452
0.638952
0.581786
0.639467
0.467737
0.895081
0.607703
0.729717
0.234079
0.676129
0.520587
0.842256
0.817594
0.608871
0.522585
0.478441
0.211913
0.540782
0.439240
0.627469
0.622762
0.448633
0.759563
0.240380
0.653263
0.248010
0.504203
0.859286
0.494158
0.603005
0.307922
0.236771
0.274388
0.616779
0.344060
0.210640
0.479897
0.617253
0.398887
0.278746
0.531290
0.581813
0.545131
0.354016
0.548301
0.406115
0.545524
0.762284
0.558767
0.381261
0.551280
0.778751
0.550583
0.462556
0.835679
0.327552
0.609785
0.482880
0.476800
0.308177
0.672529
0.201667
0.416524
0.622660
0.595154
0.336968
0.268068
0.332254
0.304844
0.502502
0.252261
0.475193
0.617004
0.490714
0.371947
0.647377
0.820252
0.755563
0.643359
0.414048
0.267719
0.409705
0.399982
0.410807
0.304302
0.714063
0.573640
0.468431
0.481752
0.821677
0.186198
0.642906
0.458382
0.664522
0.346113
0.300148
0.637193
0.479661
0.540718
0.447740
0.471628
0.489308
0.377791
0.641980
0.149130
0.536387
0.649545
0.467415
0.668555
0.185816
0.631279
0.538332
0.422910
0.229542
0.526344
0.297706
0.391444
0.689471
0.276108
0.588925
0.719705
0.299708
0.692355
0.419696
0.405751
0.566853
0.742201
0.400967
0.614399
0.331147
0.546656
0.573310
0.654043
0.643435
0.307660
0.573536
0.750718
0.413318
0.890599
0.889151
0.507066
0.692152
0.453477
0.379237
0.232351
0.666587
0.485902
0.388030
0.103014
0.165954
0.480868
0.351543
0.360853
0.152930
0.340685
0.386943
0.372351
0.248466
0.613373
0.276609
0.759917
0.351073
0.984453
0.635545
0.197317
0.531759
0.539006
0.723485
0.323840
0.701692
0.446587
0.689689
0.576436
0.401643
0.752876
0.215458
0.667662
0.624740
0.684049
0.236421
0.209296
0.295445
0.278778
0.658528
0.474383
0.704627
0.450129
0.591818
0.627754
0.636946
0.406495
0.301330
0.617577
0.435172
0.386565
0.291442
0.639748
0.620533
0.339368
0.281287
0.549021
0.768626
0.276845
0.086895
0.393257
0.568806
0.686059
0.339367
0.574141
0.344492
0.449242
0.206125
0.704260
0.708603
0.393054
0.238753
0.572009
0.575434
0.363783
0.536577
0.472027
0.895328
0.277352
0.587426
0.241979
0.589011
0.398850
0.246794
0.590195
0.452181
0.376478
0.764748
0.552653
0.611273
0.394630
0.672139
0.450381
0.510521
0.714775
0.413660
0.340865
0.460227
0.588674
0.754394
0.373784
0.522614
0.385328
0.699160
0.657104
0.404422
0.176225
0.420704
0.525382
0.567250
0.657749
0.136480
0.584936
0.374213
0.578539
0.625846
0.284076
0.721328
0.122900
0.216639
0.636188
0.402593
0.350687
0.361815
0.422120
0.715189
0.217625
0.595767
0.086004
0.344452
0.081292
0.542133
0.245505
0.324245
0.427664
0.357568
0.418679
0.883234
0.814745
0.441101
0.267888
0.602176
0.832414
0.615211
0.642639
0.271900
0.348982
0.196232
0.230135
0.604274
0.284020
0.263221
0.573262
0.334688
0.293033
0.700664
0.581740
0.330340
0.318334
0.708659
0.664783
0.671880
0.455173
0.498241
0.662197
0.772968
0.455980
0.713530
0.259810
0.550473
0.447110
0.320150
0.535353
0.378690
0.875800
0.430583
0.553580
0.325504
0.239650
0.424279
0.280957
0.279317
0.388681
0.649872
0.281398
0.629437
0.279660
0.344943
0.407381
0.343476
0.799662
0.710169
0.466011
0.277243
0.320242
0.413924
0.539960
0.614539
0.339858
0.375359
0.389569
0.634233
0.380268
0.434947
0.478762
0.273791
0.283248
0.459700
0.676787
0.298950
0.412639
0.250429
0.498722
0.559502
0.266231
0.807483
0.460597
0.540131
0.505545
0.605871
0.210151
0.542470
0.521048
0.190908
0.710502
0.313026
0.489521
0.618060
0.568608
0.701603
0.914126
0.457218
0.621052
0.419910
0.593775
0.300327
0.518413
0.241569
0.357127
0.373330
0.533174
0.717894
0.282924
0.667448
0.677057
0.423480
0.675833
0.332435
0.544950
0.421734
0.855754
0.231100
0.596207
0.452291
0.457125
0.397304
0.577428
0.465259
0.194811
0.363319
0.762706
0.518739
0.643672
0.386649
0.396887
0.362852
0.579161
0.609112
0.851494
0.636643
0.269825
0.280212
0.292770
0.365709
0.593363
0.283109
0.481135
0.563918
0.461925
0.260111
0.290638
0.389111
0.586211
0.654660
0.614476
0.380763
0.397463
0.564523
0.708021
0.397249
0.326550
0.346921
0.715812
0.628378
0.361258
0.669950
0.418362
0.738257
0.886858
0.421471
0.743423
0.630479
0.625731
0.408210
0.324443
0.500732
0.599522
0.886347
0.801489
0.464649
0.317919
0.678332
0.551423
0.668698
0.491914
0.631218
0.291979
0.402139
0.350352
0.621886
0.640398
0.384448
0.592618
0.389462
0.834072
0.343210
0.606574
0.578407
0.631152
0.645609
0.662259
0.458309
0.391449
0.608302
0.693675
0.512679
0.584450
0.671956
0.614175
0.408406
0.597720
0.083046
0.622614
0.491492
0.224865
0.295043
0.200925
0.375927
0.440215
0.329076
0.617455
0.410138
0.679053
0.703948
0.614680
0.760988
0.705524
0.769383
0.442442
0.542090
0.425933
0.444626
0.540680
0.541360
0.360690
0.610509
0.378623
0.611586
0.808096
0.286329
0.752136
0.790855
0.302991
0.590331
0.754221
0.575484
0.632532
0.419605
0.474819
0.632180
0.750394
0.429758
0.684655
0.335351
0.731702
0.641500
0.405046
0.387992
0.496083
0.273924
0.399246
0.392297
0.336640
0.446254
0.287301
0.519558
0.385200
0.420271
0.090099
0.615278
0.230538
0.445138
0.757295
0.630959
0.277242
0.617893
0.563156
0.369141
0.458160
0.828423
0.576859
0.482611
0.410201
0.199268
0.621828
0.324703
0.717468
0.462461
0.708233
0.555565
0.334379
0.065706
0.578450
0.714427
0.338958
0.417696
0.890758
0.367123
0.206210
0.327118
0.360254
0.582490
0.717681
0.492614
0.494028
0.466567
0.611248
0.384538
0.343446
0.329396
0.982511
0.461610
0.640945
0.214599
0.735076
0.451673
0.219636
0.240216
0.815454
0.389239
0.688051
0.567942
0.520220
0.453334
0.555568
0.093328
0.618474
0.341316
0.379532
0.584204
0.534770
0.576883
0.602617
0.373812
0.488028
0.700921
0.612283
0.575835
0.487453
0.432957
0.245105
0.549590
1.006445
0.403576
0.712347
0.743144
0.502974
0.377184
0.533850
0.536709
0.112429
0.362216
0.663662
0.323470
0.650451
0.677105
0.603338
0.420378
0.322179
0.391852
0.456294
0.453753
0.593390
0.252241
0.444904
0.533255
0.763599
0.611274
0.837702
0.359086
0.692906
0.503816
0.435475
0.914543
0.359299
0.503260
0.396332
0.543143
0.402790
0.627684
0.599193
0.602765
0.632241
0.502665
0.563873
0.557175
0.413605
0.461807
0.347517
0.649673
0.479260
0.611871
0.324617
0.548649
0.469863
0.463678
0.877975
0.198169
0.703965
0.409792
0.903880
0.432468
0.743596
0.364572
0.632397
0.236064
0.248236
0.183856
0.431057
0.292937
0.572175
0.637738
0.459419
0.456147
0.334503
0.528301
0.595355
0.374722
0.449060
0.147491
0.660230
0.447066
0.617914
0.220754
0.421793
0.339217
0.718126
0.413843
0.619240
0.672787
0.522404
0.305748
0.419103
0.667198
0.643744
0.572816
0.631089
0.388943
0.567011
0.347221
0.515165
0.598698
0.669369
0.574634
0.271150
0.299530
0.453471
0.686982
0.451610
0.329379
0.305967
0.433237
0.701670
0.523135
0.246041
0.244956
0.373736
0.640400
0.602876
0.567075
0.497721
0.711637
0.792681
0.281132
0.382950
0.488524
0.656053
0.441335
0.460825
0.648980
0.614298
0.292999
0.436939
0.574736
0.391603
0.702540
0.005511
0.234172
0.820677
0.414192
0.517958
0.483292
0.493861
0.549347
0.523771
0.395558
0.601351
0.827437
0.347472
0.022623
0.590347
0.605541
0.818564
0.604345
0.316415
0.777258
0.266295
0.593998
0.489118
0.524384
0.871684
0.359241
0.706085
0.310479
0.431509
0.393696
0.615443
0.661397
0.672721
0.073859
0.374658
0.277675
0.529737
0.024430
0.564412
0.353186
0.789920
0.567691
0.276410
0.730877
0.253632
0.338191
0.676218
0.720883
0.131515
0.276934
0.501035
0.648592
0.662547
0.623335
0.387090
0.633485
0.544289
0.780586
0.239558
0.574065
0.280355
0.249002
0.041466
0.272627
0.506268
0.349233
0.338501
0.324006
0.698412
0.574828
0.920653
0.651686
0.513689
0.720647
0.710909
0.570045
0.436806
0.586573
0.233078
0.720530
0.696838
0.483818
0.707622
0.779777
0.593772
0.622444
0.505757
0.229719
0.776316
0.391454
0.725902
0.572890
0.533450
0.397536
0.322249
0.361122
0.150656
0.452635
0.645057
0.308909
0.440985
0.705602
0.320057
0.671698
0.218705
0.616789
0.310068
0.571144
0.410418
0.284486
0.390385
0.347254
0.177959
0.287053
0.371096
0.707728
0.335516
0.439206
0.412403
0.486111
0.448946
0.200623
0.456384
0.595025
0.335546
0.400602
0.941713
0.390505
0.518894
0.334640
0.429965
0.486707
0.589373
0.457491
0.603486
0.457529
0.424247
0.514296
0.363029
0.392270
0.577390
0.201163
0.687435
0.605794
0.619880
0.841156
0.593008
0.464931
0.356132
0.257704
0.770715
0.465542
0.435188
0.405972
0.633714
0.401862
0.566589
0.461592
0.157411
0.744746
0.531973
0.461005
0.415001
0.314383
0.647512
0.600205
0.357973
0.777477
0.300932
0.288714
0.421001
0.327378
0.830572
0.559179
0.438023
0.614219
0.624910
0.560575
0.599412
0.348402
0.634762
0.385873
0.742427
0.382036
0.471150
0.465108
0.683375
0.733967
0.601440
0.625733
0.613109
0.172445
0.831805
0.620871
0.967174
0.453254
0.666652
0.326134
0.573989
0.434969
0.409779
0.527250
0.320783
0.291782
0.351115
0.427927
0.441144
0.507526
0.604179
0.857714
0.648370
0.423039
0.494099
0.267659
0.860813
0.439129
0.466997
0.229464
0.548731
0.366623
0.671097
0.529857
0.484293
0.533133
0.760556
0.836193
0.410980
0.416546
0.322141
0.366447
0.526501
0.225898
0.123238
0.631743
0.227784
0.569801
0.577804
0.748835
0.183282
0.805097
0.361597
0.514292
0.359833
0.479042
0.361831
0.388715
0.672372
0.379124
0.327145
0.709046
0.417106
0.342421
0.732672
0.451788
0.394686
0.748056
0.576682
0.563766
0.696005
0.281178
0.497126
0.428856
0.592819
0.419826
0.565459
0.417496
0.421366
0.716508
0.330729
0.330507
0.657790
0.307866
0.502464
0.474493
0.613025
0.671252
0.614843
0.349156
0.471238
0.654925
0.681711
0.727478
0.616892
0.426116
0.558975
0.591035
0.387547
0.361510
0.371266
0.656326
0.581212
0.592714
0.400031
0.412893
0.675613
0.275956
0.209007
0.703125
0.297114
0.834473
0.569710
0.575393
0.597517
0.711448
0.401221
0.734632
0.476286
0.436300
0.629397
0.799453
0.670084
0.726455
0.670523
0.356878
0.360103
0.566331
0.317001
0.560048
0.611882
0.486302
0.460727
0.507982
0.320460
0.274104
0.571346
0.288211
0.611795
0.657054
0.838598
0.405542
0.375726
0.710917
0.661711
0.593065
0.661691
0.666065
0.381518
0.389383
0.633799
0.374418
0.172512
0.253766
0.332169
0.640192
0.906988
0.790760
0.512795
0.613309
0.353824
0.528048
0.532359
0.593546
0.712813
0.551059
0.534640
0.303418
0.824349
0.188310
0.666203
0.603462
0.372891
0.905549
0.369685
0.444944
0.187150
0.612714
0.758474
0.557600
0.589771
0.418419
0.749210
0.593216
0.721567
0.274812
0.371172
0.633465
0.436019
0.837792
0.321807
0.698379
0.479875
0.392298
0.082581
0.657184
0.787265
0.474424
0.439393
0.497393
0.237331
0.442895
0.423134
0.616448
0.749564
0.290331
0.327566
0.735241
0.628090
0.589870
0.550759
0.279060
0.508039
0.588357
0.458289
0.561693
0.580220
0.380425
0.714019
0.511224
0.399813
0.855301
0.450595
0.249008
0.508890
0.679163
0.559318
0.680824
0.487594
0.356281
0.525807
0.361057
0.338067
0.552020
0.504302
0.786923
0.575305
0.703837
0.306968
0.313135
0.466653
0.503830
0.375916
0.316593
0.710996
0.450543
0.659396
0.488107
0.576653
0.559424
0.220118
0.438362
0.705994
0.421785
0.525419
0.626017
0.407526
0.308934
0.374846
0.190393
0.486526
0.553775
0.567468
0.369166
0.173077
0.507448
0.362186
0.626376
0.667502
0.487802
0.390249
0.639814
0.615388
0.281929
0.460003
0.631455
0.430978
0.509097
0.744038
0.338184
0.280718
0.752383
0.883302
0.618762
0.429047
0.655433
0.429523
0.364383
0.335783
0.425296
0.433065
0.438951
0.370236
0.631392
0.723156
0.569120
0.703505
0.308824
0.636057
0.375792
0.398030
0.227291
0.582757
0.408704
0.408006
0.532383
0.379162
0.516939
0.641525
0.275108
0.604166
0.791966
0.479277
0.381154
0.484423
0.253269
0.483787
0.722372
0.781192
0.385295
0.426167
0.502252
0.327700
0.411416
0.577363
0.640950
0.458189
0.395463
0.630953
0.690826
0.407115
0.221837
0.700391
0.289094
0.567525
0.340384
0.347533
0.458593
0.373534
0.556842
0.410069
0.500870
0.580837
0.708831
0.438050
0.445372
0.350992
0.351358
0.859110
0.707513
0.641876
0.134445
0.740983
0.385263
0.517271
0.651236
0.616789
0.803768
0.830798
0.376888
0.666843
0.594770
0.264577
0.275998
0.423216
0.277443
0.677430
0.201817
0.293971
0.728816
0.328998
0.194971
0.861661
0.602007
0.858688
0.676084
0.572189
0.377285
0.680369
0.586884
0.460196
0.503148
0.253227
0.423439
0.402604
0.529625
0.351054
0.745010
0.868933
0.600312
0.277848
0.534443
0.173235
0.370786
0.446847
0.440735
0.321575
0.276513
0.350714
0.482119
0.595685
0.393771
0.521734
0.487879
0.353467
0.738070
0.579412
0.359280
0.863646
0.453107
0.636369
0.840341
0.584393
0.233716
0.272718
0.428314
0.868020
0.595956
0.424679
0.580094
0.816956
0.558185
0.677370
0.504861
0.662870
0.554030
0.841614
0.575432
0.707733
0.426151
0.376965
0.532073
0.857376
0.758336
0.693066
0.424935
0.432305
0.664097
0.440909
0.680437
0.360870
0.362606
0.388538
0.749775
0.189766
0.719788
0.641566
0.335203
0.580151
0.478911
0.758665
0.403736
0.487666
0.402973
0.567986
0.534377
0.462093
0.194369
0.324624
0.391588
0.361036
0.255296
0.777077
0.616832
0.282536
0.197440
0.607724
0.422769
0.750774
0.777453
0.135385
0.304891
0.363488
0.303648
0.468487
0.456830
0.513710
0.705808
0.583310
0.283919
0.626178
0.207674
0.553754
0.308374
0.638799
0.352150
0.632531
0.503372
0.766242
0.691842
0.260750
0.763269
0.663468
0.935786
0.587312
0.322938
0.349293
0.381647
0.629804
0.338619
0.598846
0.312316
0.297892
0.580213
0.664511
0.472321
0.863291
0.391962
0.313284
0.370363
0.731704
0.579578
0.553303
0.368125
0.642119
0.366226
0.435226
0.725186
0.502278
0.692390
0.318448
0.455400
0.588338
0.356863
0.568992
0.449336
0.449863
0.783907
0.551931
0.485003
0.374147
0.870448
0.495358
0.781852
0.311438
0.750322
0.585665
0.423749
0.691553
0.621926
0.154176
0.472656
0.600083
0.386667
0.699676
0.644436
0.443206
0.619280
0.541172
0.376809
0.700835
0.737081
0.573868
0.458970
0.368467
0.193647
0.607429
0.488142
0.599352
0.660695
0.545833
0.566184
0.194948
0.576990
0.322704
0.191698
0.872303
0.351437
0.445934
0.235793
0.782802
0.709476
0.474427
0.409313
0.417809
0.227560
0.287223
0.306507
0.452465
0.715695
0.440811
0.713246
0.404845
0.265983
0.402053
0.742410
0.130440
0.345225
0.323587
0.495638
0.728107
0.570545
0.301022
0.263631
0.265051
0.404619
0.361664
0.315212
0.358797
0.574520
0.650879
0.751994
0.770865
0.661086
0.419508
0.633588
0.716086
0.666380
0.453371
0.736438
0.365643
0.889948
0.578230
0.805372
0.290011
0.223630
0.641991
0.370227
0.477744
0.517434
0.467919
0.552591
0.417278
0.844363
0.481270
0.718131
0.540518
0.469069
0.448553
0.339902
0.705684
0.449098
0.272089
0.646693
0.795233
0.670995
0.625229
0.637062
0.298314
0.387777
0.559464
0.311714
0.618487
0.736180
0.340857
0.703531
0.809883
0.541618
0.330166
0.379111
0.247769
0.539148
0.301096
0.459874
0.658005
0.414586
0.486814
0.687939
0.610183
0.473206
0.529406
0.355708
0.642512
0.015631
0.595744
0.353764
0.620823
0.674049
0.521364
0.384923
0.243708
0.736245
0.655956
0.287872
0.517101
0.607898
0.418641
0.443495
0.676671
0.510490
0.540008
0.528939
0.284242
0.554584
0.675799
0.388771
0.501408
0.641871
0.681037
0.597018
0.418795
0.460090
0.470845
0.693854
0.647901
0.526124
0.722042
0.380628
0.785548
0.379726
0.648508
0.755117
0.354386
0.278775
0.686954
0.349792
0.424260
0.565355
0.682341
0.410351
0.692199
0.327465
0.615077
0.184485
0.348492
0.533154
0.572256
0.709793
0.433416
0.284065
0.190009
0.637021
0.660484
0.522706
0.409307
0.365111
0.578436
0.462875
0.334212
0.318026
0.699737
0.252930
0.468964
0.691827
0.449313
0.420268
0.456786
0.351066
0.588519
0.174659
0.394813
0.446750
0.648528
0.514500
0.674641
0.699411
0.564545
0.362301
0.340587
0.517201
0.755528
0.418337
0.632825
0.620900
0.564890
0.413521
0.418480
0.615873
0.610145
0.427221
0.227739
0.486992
0.657993
0.609324
0.406313
0.332190
0.464232
0.531442
0.496575
0.708267
0.707132
0.612202
0.341617
0.526691
0.409314
0.300649
0.396064
0.570663
0.389139
0.298554
0.345816
0.232280
0.189074
0.267189
0.388611
0.551231
0.567318
0.577681
0.697194
0.535592
0.500623
0.405045
0.774649
0.580220
0.673925
0.460804
0.283702
0.573752
0.657853
0.353725
0.261031
0.684510
0.375217
0.328851
0.419778
0.366666
0.303250
0.478468
0.506678
0.394200
0.520237
0.360844
0.720882
0.476257
0.451997
0.563918
0.482064
0.390562
0.712230
0.512740
0.328796
0.466238
0.523607
0.444951
0.657221
0.582903
0.271442
0.423933
0.554891
0.472740
0.707353
0.392649
0.551821
0.272394
0.778132
0.479907
0.335279
0.371741
0.474866
0.112586
0.698441
0.652034
0.613590
0.567826
0.264925
0.571386
0.751076
0.726878
0.368616
0.644873
0.640115
0.304590
0.474419
0.584023
0.621752
0.429888
0.615236
0.395874
0.743387
0.714820
0.281010
0.217270
0.265070
0.285863
0.589934
1.020572
0.655423
0.711564
0.520864
0.820272
0.444017
0.584101
0.523517
0.470930
0.467624
0.716744
0.513127
0.620149
0.720665
0.371309
0.595261
0.419553
0.684748
0.601026
0.466800
0.842198
0.008994
0.250986
0.347794
0.617949
0.471339
0.441937
0.091599
0.559034
0.649565
0.773577
0.699780
0.291887
0.064006
0.284921
0.785740
0.406318
0.412741
0.643018
0.592902
0.724846
0.435069
0.656628
0.452021
0.619550
0.580964
0.349503
0.816783
0.311601
0.287384
0.549733
0.461424
0.525067
0.320120
0.562702
0.535279
0.687869
0.456890
0.466737
0.540331
0.558553
0.628636
0.553122
0.311817
0.470584
0.458389
0.491926
0.523380
0.585838
0.401529
0.667391
0.727177
0.738232
0.676471
0.271308
0.232649
0.488417
0.393513
0.534471
0.184584
0.525304
0.743309
0.901781
0.486379
0.697848
0.368921
0.569814
0.813519
0.584456
1.027688
0.505823
0.339908
0.374338
0.729988
0.618245
0.445438
0.326084
0.578214
0.197336
0.660395
0.584834
0.465808
0.316944
0.625100
0.295468
0.303503
0.905779
0.813559
0.590374
0.451527
0.538621
0.755182
0.697588
0.012185
0.622601
0.414475
0.798904
0.486623
0.638331
0.382922
0.627874
0.398986
0.340607
0.360257
0.488843
0.325008
0.572215
0.629405
0.787509
0.694123
0.754087
0.554964
0.623601
0.732475
0.597922
0.588121
0.667449
0.175930
0.358612
0.377635
0.632248
0.573262
0.286005
0.869409
0.310529
0.521452
0.276337
0.182595
0.479887
0.646188
0.706428
0.605259
0.678256
0.508325
0.545254
0.624426
0.374960
0.003906
0.269028
0.648811
0.170844
0.629141
0.698557
0.473868
0.409191
0.545422
0.628700
0.457462
0.462722
0.551300
0.587404
0.870798
0.829313
0.612868
0.344890
0.376208
0.776729
0.629561
0.646312
0.267458
0.466629
0.391978
0.748057
0.446595
0.605681
0.609766
0.627261
0.617791
0.403635
0.321789
0.271582
0.631314
0.447767
0.355213
0.441528
0.443768
0.450488
0.621997
0.257000
0.553179
0.943010
0.706734
0.307176
0.580470
0.495260
0.312596
0.447496
0.486975
0.623633
0.425534
0.635912
0.780244
0.592782
0.567942
0.474393
0.336488
0.662411
0.726391
0.192943
0.634584
0.650339
0.459261
0.404266
0.391912
0.760745
0.341587
0.796027
0.621549
0.132443
0.412439
0.430370
0.507916
0.736985
0.373121
0.429773
0.700203
0.081736
0.465222
0.592873
0.426387
0.537769
0.506164
0.706383
0.742858
0.563964
0.526394
0.894296
0.413208
0.643871
0.294338
0.438353
0.095150
0.182883
0.765266
0.375683
0.356883
0.372686
0.865266
0.684714
0.465503
0.438893
0.615027
0.668921
0.616904
0.432455
0.514945
0.416716
0.407562
0.500601
0.413621
0.377758
0.380920
0.641485
0.688088
0.760634
0.168462
0.738951
0.477003
0.442017
0.353719
0.495047
0.369892
0.546854
0.779151
0.655323
0.399158
0.553407
0.736976
0.507755
0.474733
0.630409
0.575912
0.546754
0.244704
0.471578
0.772366
0.348644
0.421474
0.605910
0.869208
0.591956
0.446992
0.218607
0.380668
0.457535
0.535188
0.871468
0.435416
0.304594
0.802885
0.537592
0.527007
0.408156
0.330398
0.382030
0.312860
0.644033
0.283421
0.529121
0.622809
0.642289
0.453081
0.406097
0.623347
0.564292
0.541885
0.590530
0.431950
0.679392
0.257386
0.352183
0.561205
0.082286
0.328867
0.401545
0.753122
0.400639
0.776508
0.543941
0.284990
0.484366
0.521914
0.510776
0.500004
0.392946
0.758662
0.376066
0.292426
0.153372
0.837989
0.577268
0.391895
0.492560
0.728552
0.607577
0.393866
0.690769
0.673412
0.333212
0.883591
0.613422
0.683042
0.447522
0.616324
0.365357
0.397886
0.643765
0.771834
0.327788
0.648398
0.439086
0.387995
0.266451
0.793740
0.367434
0.661332
0.250706
0.492264
0.620269
0.428182
0.369586
0.754531
0.454576
0.324449
0.732354
0.620491
0.418028
0.595702
0.479787
0.587522
0.704400
0.548788
0.427617
0.439197
0.432358
0.316142
0.534816
0.592384
0.514051
0.426866
0.555417
0.658801
0.493816
0.600395
0.705523
0.443543
0.335509
0.624375
0.639260
0.322640
0.350364
0.609020
0.307997
0.319521
0.337465
0.678493
0.551110
0.636022
0.496100
0.855994
0.311571
0.493557
0.319852
0.669185
0.885828
0.395675
0.323478
0.820041
0.752323
0.295544
0.594317
0.735958
0.888976
0.261660
0.688023
0.618070
0.477161
0.257659
0.571672
0.711060
0.678388
0.244821
0.395041
0.570914
0.387065
0.227940
0.834647
0.595284
0.678404
0.590706
0.802755
0.437916
0.314997
0.394920
0.677330
0.704784
0.221945
0.344682
0.290109
0.643654
0.204770
0.632860
0.385046
0.112870
0.624445
0.610139
0.174663
0.582752
0.583710
0.492238
0.616293
0.255659
0.554699
0.647281
0.331807
0.733924
0.387975
0.480334
0.648594
0.590711
0.302124
0.360295
0.768523
0.178181
0.899588
0.445042
0.305792
0.582721
0.687505
0.742231
0.090451
0.566049
0.592196
0.596732
0.541371
0.628503
0.458039
0.402067
0.425268
0.189273
0.549972
0.454117
-0.038985
0.603921
0.375592
0.720107
0.162914
0.250016
0.610627
0.388906
0.598249
0.726292
0.588456
0.296327
0.085813
0.539076
0.443128
0.825616
0.710699
0.373594
0.744170
0.261732
0.730917
0.750137
0.547980
0.427919
0.470347
0.654154
0.554939
0.314222
0.402875
0.617280
0.391899
0.316547
0.574611
0.444543
0.641056
0.555932
0.245110
0.489535
0.490043
0.451189
0.379354
0.335088
0.336069
0.436082
0.588578
0.600759
0.557448
0.852010
0.647230
0.384771
0.337111
0.644360
0.443988
0.652935
0.441956
0.324801
0.565966
0.395154
0.369147
0.397639
0.511391
0.332742
0.595373
0.298188
0.730379
0.608671
0.247225
0.315539
0.220245
0.211956
0.612925
0.254765
0.221911
0.636167
0.438098
0.669992
0.614873
0.697529
0.510327
0.650198
0.582120
0.444509
0.267582
0.475387
0.387273
0.577886
0.284841
0.602032
0.609205
0.706716
0.528211
0.578280
0.513844
0.209532
0.318097
0.625620
0.861664
0.373581
0.728566
0.429275
0.517041
0.398037
0.768876
0.595736
0.311941
0.342703
0.770938
0.482905
0.424078
0.428092
0.557379
0.690772
0.401236
0.043352
0.446286
0.336217
0.331449
0.268542
0.688430
0.206759
0.517023
0.447555
0.621020
0.626245
0.471611
0.762488
0.849025
0.585947
0.400950
0.235364
0.393496
0.365704
0.605510
0.402329
0.279313
0.388177
0.459269
0.209460
0.389836
0.654627
0.612529
0.237069
0.531345
0.371572
0.343549
0.644610
0.320017
0.654049
0.573697
0.347272
0.275362
0.488397
0.651616
0.443512
0.492698
0.175507
0.564156
0.541840
0.676676
0.511849
0.452245
0.411996
0.444680
0.402829
0.301812
0.270857
0.202472
0.606517
0.237629
0.344058
0.384611
0.503762
0.763237
0.448131
0.380199
0.724791
0.240204
0.470188
0.435255
0.306769
0.245602
0.221358
0.126060
0.417837
0.651535
0.350405
0.637677
0.307258
0.195454
0.535606
0.362989
0.217134
0.352023
0.493784
0.508670
0.491295
0.703105
0.730144
0.306799
0.661587
0.201240
0.213207
0.511321
0.392844
0.528771
0.274481
0.626031
0.580494
0.677400
0.487249
0.339418
0.577431
0.450910
0.716139
0.461960
0.420494
0.384812
0.455264
0.289892
0.413954
0.597859
0.376136
0.742215
0.463469
0.515764
0.622083
0.703407
0.409390
0.470356
0.319202
0.672302
0.436030
0.449819
0.563773
0.633547
0.414376
0.469286
0.832638
0.661115
0.383577
0.600683
0.560135
0.775404
0.467261
0.254037
0.161454
0.205962
0.486081
0.243816
0.625595
0.191737
0.593261
0.375861
0.690058
0.708666
0.570143
0.641132
0.610793
0.862261
0.395405
0.297880
0.345034
0.835070
0.398360
0.405342
0.311732
0.574414
0.201627
0.946847
0.482910
0.446362
0.635765
0.320886
0.660781
0.716792
0.519981
0.621059
0.395815
0.543513
0.431171
0.522347
0.415029
0.560740
0.224139
0.422061
0.728312
0.367854
0.782103
0.278425
0.524023
0.282041
0.452078
0.097932
0.470383
0.423137
0.712502
0.393207
0.283840
0.712331
0.666383
0.362146
0.689601
0.332695
0.692721
0.140371
0.633416
0.709347
0.259929
0.877803
0.756957
0.426554
0.571310
0.247616
0.536762
0.328946
0.406076
0.443940
0.603952
0.197205
0.776896
0.500922
0.626516
0.554470
0.521099
0.380329
0.452966
0.270411
0.344320
0.799832
0.515446
0.451777
0.210635
0.664977
0.444831
0.387536
0.389528
0.254886
0.848729
0.644554
0.565162
0.623543
0.372642
0.247151
0.406096
0.349957
0.622358
0.561347
0.586648
0.497104
0.377109
0.359150
0.629087
0.198023
0.400328
0.257935
0.516579
0.430623
0.733040
0.820659
0.504711
0.770997
0.765274
0.406178
0.673140
0.341928
0.798652
0.596975
0.326553
0.345729
0.363524
0.604832
0.745401
0.502890
0.551875
0.763494
0.532676
0.192384
0.670047
0.594833
0.452761
0.487098
0.303722
0.908052
0.699297
0.464007
0.268805
0.381917
0.695996
0.375568
0.533346
0.731848
0.168471
0.386972
0.693698
0.221400
0.417112
0.673666
0.748093
0.588478
0.606173
0.690521
0.252445
0.678632
0.636819
0.613040
0.369264
0.432057
0.389135
0.317110
0.420545
0.590284
0.828070
0.553886
0.254584
0.278743
0.647101
0.129648
0.418468
0.727242
0.410020
0.626232
0.369006
0.378185
0.460634
0.427083
0.620064
0.701005
0.103054
0.406612
0.621221
0.559147
0.577932
0.688838
0.481629
0.903829
0.408235
0.724627
0.618024
0.618757
0.354323
0.351745
0.440734
0.708877
0.696976
0.845517
0.287541
0.770458
0.486266
0.278448
0.380484
0.640136
0.256695
0.701875
0.577539
0.526113
0.403715
0.636926
0.805038
0.416749
0.475847
0.333008
0.272440
0.615829
0.690379
0.423959
0.514995
0.456813
0.372365
0.193226
0.722085
0.770622
0.812785
0.548031
0.574501
0.602732
0.590502
0.416428
0.764593
0.638887
0.602540
0.481963
0.546350
0.426325
0.423401
0.692001
0.604151
0.222002
0.571355
0.234186
0.603284
0.210642
0.727490
0.687780
0.631955
0.136179
0.455758
0.621283
0.598713
0.295751
0.443771
0.206165
0.650954
0.495848
0.333507
0.619494
0.524088
0.698072
0.629314
0.413878
0.733107
0.264913
0.893807
0.750617
0.685865
0.484733
0.561572
0.364313
0.576251
0.719089
0.606617
0.323560
0.525259
0.715697
0.315948
0.665583
0.286840
0.408896
0.300681
0.712856
0.550302
0.497085
0.296783
0.795635
0.626092
0.475107
0.331180
0.706824
0.321741
0.566920
0.668222
0.341688
0.453132
0.573981
0.725106
0.448173
0.554728
0.576025
0.292976
0.690814
0.671865
0.607736
0.172710
0.507352
0.620878
0.329112
0.275480
0.409387
0.596253
0.414101
0.710454
0.707557
0.470485
0.482940
0.230872
0.423731
0.386307
0.565651
0.573514
0.366499
0.610634
0.378775
0.739171
0.670282
0.440194
0.749192
0.666896
0.471622
0.629766
0.572339
0.270942
0.632124
0.569605
0.803802
0.388815
0.353258
0.584706
0.287335
0.226351
0.624543
0.497483
0.850968
0.352204
0.561368
0.543274
0.648614
0.283688
0.637930
0.216720
0.650492
0.428422
0.480913
0.545026
0.511272
0.339535
0.523617
0.629136
0.514128
0.589397
0.607825
0.639391
0.627947
0.676921
0.339759
0.783716
0.592025
0.352919
0.944449
0.708972
0.593182
0.705352
0.619722
0.567703
0.178697
0.414191
0.544388
0.348693
0.280160
0.456418
0.675278
0.520320
0.409702
0.647503
0.235021
0.625790
0.799453
0.928187
0.587113
0.357235
0.562525
0.771225
0.612253
0.884607
0.371593
0.498416
0.394963
0.737629
0.912908
0.424652
0.561209
0.863962
0.622631
0.625197
0.634306
0.523591
0.578290
0.593069
0.400293
0.578575
0.796011
0.322440
0.393000
0.245486
0.534390
0.394978
0.458313
0.639329
0.606138
0.335944
0.633715
0.304858
0.623139
0.351873
0.381330
0.413539
0.639698
0.247791
0.519577
0.942462
0.589637
0.450911
0.654234
0.584606
0.491167
0.677314
0.770507
0.375385
0.287942
0.351521
0.536756
0.595363
0.451487
0.625671
0.325165
0.350167
0.198667
0.719361
0.796063
0.676485
0.677870
0.586362
0.419793
0.510981
0.640446
0.640466
0.643241
0.375025
0.710543
0.298922
0.610810
0.805961
0.318092
0.400682
0.414265
0.672494
0.685183
0.387100
0.539348
0.464265
0.371362
0.342892
0.381350
0.519729
0.777501
0.521501
0.441923
0.382326
0.281630
0.515745
0.658196
0.798539
0.589322
0.270473
0.414780
0.435405
0.263196
0.584516
0.420819
0.282190
0.662836
0.337104
0.584362
-0.089788
0.449496
0.509476
0.581013
0.695468
0.576440
0.505318
0.540058
0.622389
0.663897
0.423840
0.745611
0.153006
0.462641
0.542111
0.328638
0.467387
0.368532
0.316306
0.559000
0.343106
0.504259
0.412962
0.567909
0.593064
0.422356
0.304518
0.624269
0.637070
0.345691
0.376181
0.589433
0.549137
0.613476
0.494464
0.429455
0.142221
0.493738
0.435557
0.571767
0.598374
0.439061
0.406747
0.686411
0.605320
0.551942
0.447271
0.424149
0.692532
0.630949
0.610890
0.701179
0.630741
0.541507
0.281976
0.504249
0.390611
0.525928
0.605012
0.594976
0.466019
0.415340
0.381815
0.629186
0.664781
0.744620
0.752410
0.555434
0.665111
0.633051
0.276564
0.846771
0.438590
0.448845
0.494730
0.672406
0.413196
0.631009
0.356403
0.621318
0.406331
0.246667
0.286216
0.380624
0.563746
0.282493
0.687288
0.534287
0.783514
0.671810
0.642616
0.192448
0.523495
0.438970
0.362785
0.653369
0.608397
0.445513
0.420733
0.662535
0.519627
0.241614
0.683192
0.560834
0.590486
0.371367
0.565272
0.508134
0.568034
0.561572
0.837971
0.590278
0.491335
0.571968
0.273384
0.835051
0.359874
0.384444
0.673413
0.909240
0.699611
0.632172
0.540751
0.416921
0.852376
0.857078
0.158214
0.654531
0.310547
0.374189
0.661167
0.403361
0.675181
0.538811
0.253137
0.547233
0.624454
0.446958
0.541043
0.561888
0.550017
0.306263
0.619285
0.522275
0.673774
0.192427
0.703000
0.248768
0.812687
0.594172
0.270742
0.375955
0.050297
0.782826
0.676931
0.550729
0.388261
0.294866
0.627491
0.376007
0.360945
0.447613
0.409299
0.540394
0.465431
0.653416
0.734936
0.258160
0.507244
0.672489
0.315755
0.228937
0.657275
0.365997
0.365615
0.237605
0.632170
0.540194
0.509104
0.450052
0.609667
0.462361
0.665004
0.538762
0.146853
0.721832
0.520630
0.209244
0.299800
0.297170
0.403763
0.682627
0.475784
0.378127
0.430387
0.760429
0.367663
0.314478
0.665828
0.378312
0.353307
0.456757
0.555103
0.386977
0.705322
0.467622
0.776422
0.556929
0.436983
0.064194
0.629640
0.704092
0.439540
0.244932
0.436003
0.304537
0.581422
0.344650
0.709223
0.391618
0.337187
0.435519
0.694092
0.503525
0.429760
0.723893
0.362903
0.497495
0.506552
0.235513
0.475447
0.567230
0.692517
0.494646
0.580147
0.663896
0.478137
0.693767
0.653872
0.515298
0.645930
0.169253
0.255602
0.550010
0.408497
0.743138
0.396012
0.148626
0.647146
0.502100
0.678736
0.180820
0.421965
0.492341
0.559441
0.338718
0.590466
0.551048
0.423751
0.272449
0.603953
0.713466
0.346056
0.738737
0.469346
0.637318
0.520041
0.405508
0.594452
0.728481
0.785767
0.644110
0.637359
0.719731
0.553392
0.549807
0.729816
0.375670
0.805647
0.321470
0.320256
0.406876
0.158613
0.336437
0.377622
0.440355
0.613115
0.732797
0.395232
0.152729
0.461353
0.414115
0.521583
0.450923
0.258274
0.670524
0.401785
0.264738
0.479202
0.262040
0.695845
0.316329
0.523983
0.340894
0.439020
0.550397
0.204160
0.577590
0.743389
0.396324
0.455731
0.361673
0.515797
0.452042
0.324260
0.417224
0.438932
0.455085
0.275032
0.266639
0.383019
0.376862
0.251194
0.439890
0.358251
0.493549
0.607153
0.618622
0.613972
0.414760
0.240434
0.328350
0.601581
0.443464
0.473501
0.648001
0.265414
0.364290
0.420101
0.552127
0.241532
0.350374
0.536697
0.503008
0.182295
0.489022
0.396664
0.586593
0.495555
0.605031
0.734158
0.624125
0.450917
0.599981
0.747312
0.423109
0.533995
0.358569
0.479951
0.261304
0.565201
0.611263
0.433628
0.510536
0.202440
0.092046
0.612430
0.362243
0.472004
0.275092
0.370251
0.319989
0.606073
0.456733
0.580506
0.625478
0.186078
0.615201
0.675709
0.618327
0.792623
0.365742
0.660141
0.588948
0.208895
0.401323
0.732753
0.630979
0.245692
0.684823
0.562022
0.588117
0.749647
0.476852
0.240316
0.371584
0.642976
0.155249
0.795737
0.363517
0.286930
0.535508
0.431429
0.400528
0.626829
0.559194
0.458422
0.351766
0.437624
0.448198
0.441226
0.755553
0.878690
0.404735
0.141885
0.324785
0.605955
0.231406
0.708767
0.404352
0.344443
0.591507
0.753472
0.319582
0.733616
0.875250
0.781943
0.293661
0.513616
0.322811
0.826057
0.465528
0.446056
0.726916
0.506049
0.502422
0.573422
0.620053
0.445223
0.731297
0.629233
0.552837
0.861295
0.470131
0.588132
0.566596
0.301523
0.726916
0.814375
0.589114
0.680277
0.578246
0.342288
0.646019
0.410247
0.292365
0.245106
0.514182
0.178266
0.620725
0.376667
0.730477
0.427055
0.376596
0.764246
0.438516
0.834379
0.423467
0.235327
0.601630
0.293859
0.414666
0.584335
0.577695
0.369637
0.464617
0.344314
0.516285
0.428574
0.669137
0.473762
0.686097
0.699584
0.736668
0.653260
0.471017
0.597344
0.641948
0.274244
0.394418
0.285077
0.546559
0.447789
0.351613
0.671805
0.557613
0.568642
0.348352
0.422620
0.661107
0.627278
0.356216
0.634133
0.419680
0.581771
0.454775
0.604232
0.443923
0.355407
0.652261
0.715156
0.392439
0.316319
0.637363
0.632182
0.555692
0.585252
0.439463
0.668482
0.717546
0.495909
0.355966
0.609799
0.331851
0.355040
0.372944
0.465812
0.474062
0.603749
0.387968
0.626523
0.573013
0.543141
0.607943
0.650431
0.310699
0.451559
0.507415
0.290212
0.552831
0.293601
0.156997
0.719569
0.641310
0.327492
0.211447
0.618473
0.603375
0.681328
0.877293
0.738422
0.600264
0.547537
-0.140724
0.473209
0.599456
0.410921
0.640052
0.660877
0.408143
0.698854
0.643930
0.498178
0.838219
0.401588
0.356773
0.374989
0.317482
0.482766
0.885659
0.517808
0.415994
0.390528
0.543009
0.584376
0.415403
0.617387
0.786243
0.392304
0.398689
0.680495
0.692220
0.574295
0.124406
0.549345
0.622021
0.491211
0.814829
0.745611
0.585007
0.469352
0.618558
0.212965
0.208515
0.654625
0.546470
0.426213
0.783807
0.663051
0.794727
0.410077
0.595795
0.158685
0.574841
0.313331
0.186639
0.444256
0.334734
0.420643
0.413764
0.666040
0.635043
0.517180
0.333686
0.390516
0.371848
0.831170
0.604169
0.546643
0.540490
0.535994
0.477219
0.488356
0.304090
0.459990
0.289625
0.541764
0.323306
0.494039
0.450490
0.778500
0.334492
0.148270
0.499432
0.642799
0.505301
0.747955
0.184336
0.672351
0.344986
0.463340
0.395845
0.733745
0.594585
0.748147
0.295111
0.278564
0.713530
0.472059
0.596193
0.202021
-0.038946
0.524049
0.571238
0.670577
0.658564
0.443609
0.242820
0.629516
0.288072
0.490718
0.533289
0.292610
0.209128
0.343867
0.626886
0.629290
0.543502
0.238503
0.253952
0.408406
0.564316
0.533944
0.481015
0.419989
0.615985
0.511818
0.478648
0.634894
0.781106
0.583729
0.488882
0.614104
0.807506
0.400370
0.309309
0.446805
0.708911
0.294340
0.684521
0.282374
0.522693
0.770143
0.330783
0.331151
0.412003
0.591331
0.703044
0.402329
0.639923
0.614068
0.351892
0.748534
0.358834
0.407804
0.743200
0.376435
0.453162
0.301726
0.478318
0.260451
0.427726
0.418219
0.342382
0.412202
0.635437
0.291172
0.535263
0.647727
0.707214
0.968855
0.669985
0.333033
0.700547
0.350249
0.456513
0.663977
0.273902
0.322516
0.591417
0.345506
0.385353
0.844458
0.659122
0.433881
0.590564
0.547032
0.297286
0.439963
0.569085
0.236502
0.694314
0.747874
0.862152
0.633379
0.268091
0.512479
0.620114
0.553965
0.357553
0.523012
0.808860
0.403047
0.530031
0.676006
0.508225
0.568060
0.394911
0.626303
0.747864
0.224976
0.317149
0.376939
0.456084
0.523026
0.624186
0.690020
0.466400
0.336759
0.424308
0.418806
0.205676
0.404641
0.284546
0.131852
0.402795
0.481019
0.662427
0.766379
0.453877
0.553951
0.714477
0.434701
0.353580
0.303318
0.179319
0.460006
0.241546
0.183830
0.367474
0.282472
0.606327
0.517610
0.454429
0.727637
0.548002
0.558092
0.587254
0.446357
0.627943
0.301556
0.398651
0.157854
0.633837
0.397202
0.325908
0.516827
0.644127
0.554429
0.481314
0.352280
0.545862
0.292301
0.348410
0.523331
0.316913
0.615245
0.122743
0.328620
0.620096
0.564207
0.425961
0.683353
0.806020
0.695664
0.425730
0.358217
0.340834
0.460683
0.532097
0.222174
0.608155
0.249160
0.389414
0.310501
0.517540
0.680217
0.397072
0.504542
0.711350
0.603080
0.345918
0.667364
0.424827
0.292753
0.344386
0.364726
0.372517
0.419687
0.716457
0.620589
0.280810
0.729980
0.509714
0.345678
0.386888
0.275318
0.713141
0.388711
0.332067
0.599010
0.754199
0.666314
0.840198
0.467546
0.520056
0.326529
0.584778
0.738681
0.686617
0.554613
0.328906
0.336948
0.605370
0.698224
0.681435
0.082619
0.901661
0.711317
0.408720
0.291545
0.436795
0.786430
0.335371
0.626880
0.409766
0.687413
0.634325
0.676566
0.359343
0.377776
0.572824
0.528004
0.774921
0.392556
0.456040
0.250470
0.304452
0.370406
0.887341
0.356595
0.604752
0.430890
0.776470
0.383468
0.664032
0.518068
0.394902
0.931875
0.348813
0.726416
0.624091
0.369192
0.357429
0.414740
0.682772
0.807635
0.669557
0.373324
0.431249
0.508219
0.755091
0.289585
0.621642
0.189564
0.465328
0.564537
0.653520
0.513012
0.426124
0.431183
0.481646
0.353509
0.765992
0.171333
0.343893
0.704157
0.426328
0.433492
0.718975
0.510252
0.233676
0.263513
0.420662
0.282056
0.578954
0.632345
0.412134
0.640844
0.360375
0.280531
0.831327
0.395319
0.471192
0.715671
0.558011
0.677516
0.362720
0.283963
0.637898
0.759592
0.659832
0.304099
0.742845
0.693688
0.654107
0.708173
0.288984
0.493316
0.374610
0.577930
0.601433
0.501261
0.334520
0.365312
0.726518
0.396794
0.381192
0.286132
0.258171
0.561622
0.500115
0.565959
0.309252
0.498464
0.613714
0.690835
0.725579
0.652251
0.569227
0.684771
0.642260
0.142456
0.433394
0.900454
0.294444
0.639470
0.354129
0.535843
0.497200
0.394129
0.689027
0.546504
0.397585
0.463316
0.408882
0.419441
0.378741
0.420884
0.548849
0.583629
0.588601
0.410362
0.654120
0.682513
0.558332
0.412618
0.576035
0.830727
0.373530
0.895536
0.306536
0.239015
0.332061
0.619704
0.662144
0.554542
0.545819
0.068981
0.739053
0.557632
0.188320
0.769389
0.611014
0.523488
0.663105
0.345189
0.469214
0.432291
0.798798
0.592242
0.341374
0.606876
0.424917
0.343373
0.255536
0.457140
0.510680
0.626249
0.487408
0.365896
0.314030
0.589066
0.566655
0.665338
0.727020
0.691417
0.718257
0.309095
0.690685
0.770697
0.363975
0.556800
0.753772
0.361986
0.253566
0.416204
0.189934
0.637410
0.384025
0.369335
0.274610
0.399148
0.525788
0.739572
0.685010
0.729976
0.552250
0.384773
0.132648
0.395123
0.516784
0.678960
0.644900
0.625161
0.620028
0.674734
0.476490
0.729865
0.550257
0.701382
0.530977
0.624821
0.454757
0.436570
0.489274
0.590950
0.260602
0.556632
0.439632
0.238581
0.760955
0.744286
0.714172
0.380419
0.377511
0.571665
0.703775
0.569684
0.541935
0.420471
0.221447
0.220757
0.544284
0.579011
0.357368
0.630813
0.673285
0.583348
0.791572
0.803294
0.311152
0.525474
0.192688
0.649478
0.401866
0.429067
0.717101
0.360528
0.543482
0.760479
0.336487
0.335800
0.283247
0.598918
0.540570
0.706275
0.582730
0.600620
0.775928
0.479674
0.646840
0.438839
0.627622
0.740265
0.369280
0.545358
0.699286
0.686762
0.549429
0.621469
0.394161
0.570123
0.554557
0.334628
0.338334
0.905068
0.447202
0.491502
0.537375
0.460618
0.362794
0.365118
0.329290
0.431863
0.703978
0.556701
0.594664
0.723649
0.838216
0.475018
0.352462
0.714522
0.547676
0.351610
0.569976
0.427303
0.607855
0.146301
0.665276
0.437046
0.681095
0.339824
0.311646
0.376748
0.481897
0.728147
0.478014
0.258250
0.192036
0.315706
0.433069
0.680423
0.305985
0.406219
0.421660
0.360677
0.634643
0.639605
0.326148
0.254264
0.562800
0.383866
0.380209
0.661613
0.497712
0.357145
0.652841
0.568386
0.587448
0.736468
0.380395
0.661802
0.341160
0.849707
0.605373
0.377339
0.786836
0.487135
0.619437
0.774021
0.424076
0.186296
0.380265
0.330368
0.460217
0.592253
0.466339
0.300063
0.318947
0.568751
0.631417
0.705767
0.720508
0.369897
0.285716
0.259085
0.391278
0.433671
0.454077
0.286396
0.454441
0.323966
0.642861
0.388695
0.586605
0.781234
0.501242
0.309012
0.803738
0.747005
0.637068
0.448949
0.572752
0.389344
0.414406
0.351005
0.140143
0.531226
0.459714
0.620891
0.363041
0.425812
0.305421
0.483150
0.702192
0.770601
0.507750
0.533943
0.445293
0.333364
0.478813
0.229863
0.726592
0.263350
0.241823
0.593827
0.361103
0.357752
0.609243
0.490795
0.346203
0.463832
0.565536
0.701951
0.399310
0.438630
0.626943
0.763271
0.257012
0.759206
0.572290
0.595237
0.499527
0.364556
0.463647
0.455331
0.334030
0.330465
0.406741
0.452155
0.385057
0.468965
0.570661
0.222392
0.114548
0.336128
0.577253
0.463865
0.835154
0.501465
0.541943
0.307323
0.516722
0.317119
0.629180
0.694342
0.365282
0.673889
0.475052
0.513870
0.409659
0.640910
0.421726
0.393746
0.238346
0.600463
0.455466
0.413867
0.805885
0.357184
0.350147
0.612047
0.636895
0.729420
0.470240
0.735259
0.635466
0.610793
0.323097
0.466435
0.669966
0.095616
0.420603
0.122879
0.384403
0.577718
0.552701
0.461752
0.449747
0.556084
0.211362
0.325198
0.431471
0.763992
0.203506
0.609476
0.663001
0.827637
0.363078
0.883940
0.522477
0.598659
0.343967
0.453665
0.335466
0.375782
0.611076
0.642079
1.002672
0.655706
0.050581
0.261136
0.568440
0.238890
0.276031
0.629593
0.308932
0.414840
0.318720
0.329700
0.845818
0.496823
0.312981
0.550499
0.390278
0.659881
0.543104
0.619760
0.570588
0.086140
0.635933
0.659689
0.459000
0.244133
0.726512
0.292968
0.713725
0.527869
0.450758
0.639879
0.438730
0.694410
0.564299
0.384053
0.545226
0.674785
0.441115
0.718936
0.521760
0.688855
0.468700
0.346110
0.301132
0.435330
0.325850
0.711249
0.572298
0.406532
0.453886
0.515590
0.676558
0.284609
0.553741
0.686398
0.146516
0.275225
0.434498
0.541983
0.538457
0.416317
0.646714
0.312157
0.569486
0.434778
0.068364
0.211561
0.653729
0.589538
0.352474
0.462223
0.576865
0.654952
0.538788
0.758781
0.574903
0.636442
0.546246
0.688958
0.377256
0.555379
0.440849
0.366885
0.379479
0.442973
0.332699
0.638045
0.686386
0.207032
0.696778
0.362303
0.329977
0.441918
0.485732
0.466556
0.628594
0.525916
0.260053
0.883387
0.630117
0.368445
0.336294
0.332386
0.451528
0.423776
0.317232
0.379664
0.715331
0.411081
0.374375
0.606317
0.396902
0.465442
0.713209
0.195172
0.535564
0.459033
0.994993
0.507609
0.651247
-0.011191
0.541131
0.999490
0.653298
0.449289
0.193453
0.791461
0.640770
0.535740
0.344412
0.363088
0.601755
0.397524
0.696228
0.515500
0.917443
0.363173
0.365463
0.602378
0.194166
0.554310
0.259446
0.382770
0.822111
0.584091
0.311354
0.596827
0.273485
0.544010
0.294764
0.420386
0.380933
0.649396
0.220011
0.364357
0.729438
0.552903
0.610639
0.444722
0.321265
0.412547
0.427067
0.575716
0.609900
0.669133
0.395290
0.343796
0.621527
0.420654
0.671299
0.452394
0.531212
0.402916
0.790383
0.672803
0.500105
0.400369
0.365125
0.576716
0.658294
0.288771
0.476968
0.687696
0.360135
0.652705
0.576225
0.441284
0.770443
0.257596
0.636566
0.654224
0.320505
0.641728
0.423458
0.850228
0.436275
0.275457
0.463932
0.327196
0.509352
0.638929
0.655640
0.846960
0.377032
0.577416
0.495761
0.604864
0.550049
0.411016
0.581267
0.628924
0.589320
0.689940
0.257553
0.486482
0.452400
0.698331
0.362074
0.333177
0.740330
0.358947
0.120241
0.467700
0.644605
0.731346
0.933514
0.693022
0.422438
0.231299
0.616824
0.023940
0.437545
0.479470
0.631015
0.581575
0.260941
0.474143
0.657812
0.764096
0.435746
0.580197
0.612217
0.331208
0.440676
0.414141
0.515334
0.417868
0.609806
0.700311
0.787148
0.326306
0.553187
0.560898
0.333593
0.440851
0.264073
0.263019
0.639689
0.316555
0.419553
0.387281
0.209954
0.433832
0.524183
0.348574
0.851535
0.278001
0.605734
0.641924
0.525551
0.482063
0.660622
0.256352
0.498546
0.149724
0.328875
0.703014
0.689630
0.747461
0.453549
0.660217
0.413077
0.555957
0.560220
0.599464
0.186649
0.791165
0.440704
0.431342
0.701319
0.580869
0.350431
0.600467
0.201360
0.683409
0.666693
0.376122
0.293728
0.375067
0.427766
0.352393
0.459878
0.583014
0.434524
0.702175
0.503566
0.565008
0.552331
0.584699
0.786856
0.594892
0.302325
0.402320
0.521600
0.365250
0.242657
0.401932
0.649855
0.377858
0.351136
0.277650
0.674907
0.540368
0.373014
0.423355
0.720548
0.424183
0.648137
0.608399
0.698356
0.613790
0.249448
0.643260
0.660546
0.587893
0.669363
0.913961
0.946526
0.460468
0.308092
0.741070
0.850631
0.155931
0.575793
0.680310
0.647062
0.840188
0.156719
0.445591
0.584397
0.539823
0.655392
0.594957
0.391070
0.633619
0.358883
0.383801
0.612785
0.580264
0.340259
0.535532
0.730390
0.314075
0.224251
0.268442
0.351066
0.659156
0.291261
0.666156
0.581722
0.824857
0.628081
0.241031
0.629686
0.548165
0.469427
0.248051
0.644112
0.714832
0.401988
0.297614
0.794827
0.513507
0.487587
0.344685
0.659163
0.433339
0.657885
0.641915
0.383507
0.485372
0.355045
0.387693
0.451108
0.629182
0.731140
0.781828
0.172438
0.452263
0.564680
0.499874
0.252099
0.368092
0.622791
0.441276
0.755281
0.683757
0.380234
0.678714
0.638454
0.667432
0.738587
0.805672
0.352747
0.424539
0.042150
0.276635
0.303049
0.538353
0.578916
0.563079
0.223728
0.391928
0.554744
0.624051
-0.121756
0.375359
0.792271
0.343647
0.457787
0.167454
0.498498
0.509727
0.481387
0.416844
0.605649
0.563552
0.361618
0.573069
0.243865
0.343364
0.617353
0.500931
0.636947
0.572281
0.691773
0.564104
0.325277
0.441281
0.495993
0.210127
0.530918
0.361042
0.259195
0.743695
0.535871
0.292497
0.251923
0.581467
0.453444
0.554340
0.163949
0.433064
0.571076
0.389978
0.389431
0.632645
0.273502
0.521116
0.181189
0.405933
0.405836
0.299534
0.399575
0.814268
0.791016
0.611456
0.595479
0.366348
0.512672
0.501195
0.637526
0.514087
0.292099
0.497279
0.414273
0.444878
0.412524
0.653433
0.255946
0.566627
0.496899
0.763421
0.413654
0.472450
0.457008
0.779790
0.384061
0.599360
0.578639
0.578972
0.854731
0.146200
0.476643
0.583556
0.684405
0.381297
0.249355
0.376912
0.546852
0.789270
0.679630
0.455207
0.476945
0.431433
0.785180
0.746983
0.684429
0.443447
0.225813
0.593962
0.609466
0.609766
0.376089
0.489241
0.804979
0.521859
0.822938
0.649495
0.645276
0.282067
0.464316
0.208047
0.493969
0.704742
0.361548
0.653634
0.650501
0.309501
0.707089
0.583487
0.351301
0.439550
0.380580
0.376676
0.549562
0.622092
0.515109
0.208718
0.308819
0.353281
0.656196
0.599129
0.381630
0.246966
0.250836
0.719814
0.803198
0.572869
0.179085
0.325964
0.703212
0.424795
0.533314
0.556485
0.300152
0.403790
0.625178
0.488165
0.306757
0.689461
0.743364
0.749357
0.308003
0.361299
0.629209
0.626285
0.225183
0.579212
0.563688
0.444975
0.480704
0.702953
0.376334
0.525031
0.560696
0.430056
0.638474
0.287175
0.125830
0.515702
0.762920
0.271401
0.223217
0.462250
0.514540
0.306003
0.575648
0.364620
0.334074
0.075845
0.487815
0.731874
0.328229
0.633448
0.028663
0.486295
0.330298
0.502727
0.490045
0.639745
0.708937
0.507330
0.381354
0.471972
0.719047
0.482898
0.396020
0.790150
0.592182
0.539341
0.790787
0.581115
0.174599
0.754108
1.047536
0.214425
0.644144
0.609515
0.305030
0.828910
0.002920
0.547976
0.615088
0.527283
0.570116
0.595570
0.691467
0.488486
0.634210
0.251801
0.945056
0.304020
0.492881
0.693436
0.366598
0.629299
0.718664
0.256503
0.596106
0.690067
0.381131
0.657095
0.380708
0.164801
0.527418
0.716520
0.774505
0.546629
0.303128
0.741886
0.225122
0.417322
0.567859
0.558548
0.308954
0.416047
0.657849
0.552253
0.702268
0.790066
0.332094
0.410504
0.569613
0.654888
0.657578
0.460616
0.649442
0.769315
0.707468
0.290994
0.351384
0.283028
0.614077
0.461531
0.275966
0.415471
0.412277
0.653734
0.506869
0.676845
0.298032
0.356434
0.479854
0.439641
0.497898
0.560223
0.350839
0.287640
0.799854
0.307855
0.335584
0.594906
0.703219
0.619790
0.586481
0.404768
0.607911
0.755344
0.181406
0.496732
0.678243
0.348895
0.887844
0.650069
0.368965
0.290611
0.582163
0.458304
0.361918
0.980752
0.567376
0.682239
0.707964
0.677986
0.804375
0.214556
0.563960
0.518405
0.432380
0.322336
0.582791
0.432359
0.382390
0.279087
0.522170
0.336307
0.400999
0.525016
0.576512
0.544771
0.308389
0.303461
0.643331
0.416843
0.627533
0.427630
0.453628
0.369638
0.437761
0.628302
0.295072
0.307670
0.614031
0.237254
0.463000
0.335353
0.778995
0.158520
0.483593
0.485869
0.433024
0.375604
0.362440
0.398520
0.464330
0.329784
0.484628
0.592375
0.711096
0.304472
0.779794
0.641522
0.406945
0.625711
0.756147
0.510904
0.688339
0.358287
0.708475
0.528531
0.401663
0.769006
0.279089
0.608014
0.790731
0.560486
0.712689
0.490766
0.443526
0.310238
0.320473
0.541467
0.643066
0.828843
0.598400
0.568810
0.558300
0.832796
0.560530
0.363133
0.454346
0.493232
0.693036
0.685996
0.404485
0.374058
0.363487
0.402726
0.460086
0.484990
0.729767
0.400324
0.349739
0.395490
0.469808
0.381429
0.300457
0.604323
0.269271
0.546772
0.428649
0.371199
0.866917
0.524698
0.347402
0.742126
0.519272
0.593453
0.466423
0.377093
0.790807
0.773241
0.406920
0.546447
0.838154
0.626735
0.434198
0.603316
0.346984
0.346684
0.471776
0.368363
0.514624
0.451943
0.619739
0.626555
0.383274
0.418937
0.512417
0.871945
0.567133
0.400248
0.641917
0.277326
0.221447
0.832053
0.305339
0.340236
0.329717
0.483665
0.500698
0.460134
0.630197
0.505091
0.557457
0.431249
0.568710
0.698768
0.342081
0.436373
0.444952
0.560940
0.422463
0.855021
0.194014
0.273838
0.650477
0.588977
0.428169
0.694747
0.374214
0.384354
0.382518
0.621345
0.437440
0.667604
0.542277
0.640474
0.585525
0.572942
0.570620
0.366710
0.703310
0.654116
0.684848
0.320853
0.684783
0.271325
0.459020
0.407207
0.330201
0.536688
0.520785
0.199734
0.400035
0.552407
0.554074
0.321362
0.822930
0.488711
0.237807
0.282803
0.604450
0.280103
0.467378
0.680623
0.658554
0.220045
0.544509
0.609792
0.565430
0.625612
0.578895
0.565069
0.366196
0.550836
0.541939
0.303092
0.346946
0.133894
0.169197
0.599842
0.324465
0.697207
0.538857
0.579599
0.218740
0.142312
0.614336
-0.017728
0.599028
0.736160
0.506896
0.612355
0.419896
0.454264
0.303739
0.776050
0.645477
0.397129
0.348070
0.460459
0.395338
0.839346
0.310598
0.660157
0.555312
0.619768
0.666430
0.255493
0.404744
0.334765
0.710673
0.482518
0.230692
0.226054
0.521566
0.413338
0.359655
0.395199
0.589381
0.300116
0.568380
0.198736
0.590380
0.224735
0.340215
0.363888
0.422339
0.401799
0.332275
0.622419
0.349966
0.589928
0.709541
0.395079
0.644045
0.598553
0.600174
0.445388
0.746724
0.574980
0.619130
0.475134
0.203464
0.372525
0.402890
0.370357
0.361839
0.292269
0.381070
0.381730
0.495400
0.710135
0.595198
0.684811
0.678151
0.470649
0.659655
0.603986
0.389177
0.282797
0.657074
0.644024
0.417123
0.652329
0.459388
0.561562
0.816047
0.232145
0.654676
0.398739
0.402227
0.306250
0.883510
0.675750
0.624753
0.301058
0.678427
0.387973
0.586308
0.789261
0.437664
0.435070
0.580804
0.748025
0.689570
0.457103
0.310473
0.207544
0.300469
0.756528
0.836998
0.580885
0.669982
0.151842
0.435137
0.355174
0.466369
0.680122
0.645490
0.375738
0.433785
0.402431
0.275335
0.465380
0.322039
0.417665
0.218580
0.512392
0.296921
0.329068
0.728146
0.559700
0.594111
0.668430
0.407649
0.488704
0.560121
0.133162
0.563341
0.511471
0.614737
0.703650
0.443027
0.593108
0.434076
0.542749
0.381174
0.804851
0.470322
0.385304
0.685903
0.652434
0.445873
0.489121
0.439447
0.374345
0.451947
0.193862
0.674387
0.271473
0.671783
0.342269
0.734762
0.342022
0.288369
0.575160
0.423453
0.354869
0.853827
0.421910
0.555471
0.256861
0.334982
0.299292
0.361746
0.384893
0.504311
0.660706
0.714688
0.586371
0.718953
0.497618
0.443566
0.352921
0.571775
0.182568
0.565472
0.246519
0.348371
0.568256
0.449652
0.663807
0.436525
0.611400
0.474474
0.863109
0.732697
0.569514
0.272790
0.705293
0.795633
0.374708
0.397607
0.708047
0.482416
0.184687
0.775505
0.226055
0.409727
0.593001
0.572716
0.330521
0.382788
0.349110
0.538801
0.361373
0.747300
0.327094
0.592568
0.415540
0.248595
0.346824
0.486676
0.326819
0.606680
0.453778
0.261461
0.334347
0.381153
0.488627
0.597485
0.311549
0.632877
0.419044
0.592138
0.289568
0.293333
0.609234
0.674880
0.488659
0.328807
0.482464
0.321757
0.424376
0.701346
0.605008
0.586253
0.366883
0.608058
0.899747
0.584642
0.562750
0.373883
0.364056
0.440783
0.428517
0.429630
0.335634
0.400693
0.390566
0.256488
0.582167
0.624045
0.189093
0.594853
0.429033
0.287320
0.783910
0.697259
0.395937
0.796083
0.394355
0.440244
0.647742
0.560489
0.610556
0.689751
0.582786
0.346573
0.383228
0.750901
0.216554
0.556492
0.241603
0.439536
-0.283072
0.404964
0.395185
0.356790
0.561036
0.599703
0.469746
0.257833
0.250893
0.619141
0.877383
0.370019
0.602296
0.458500
0.626630
0.527841
0.694265
0.450469
0.370756
0.733056
0.573231
0.364692
0.390238
0.269568
0.543761
0.353332
0.614424
0.595422
0.556774
0.609999
0.690352
0.478656
0.501888
0.252642
0.788237
0.395874
0.648623
0.288677
0.203810
0.385596
0.301953
0.341155
0.733491
0.645682
0.540291
0.560809
0.661714
0.595266
0.742907
0.490176
0.422261
0.472240
0.720686
0.293277
0.389421
0.584522
0.641755
0.573091
0.700979
0.595602
0.308220
0.423677
0.605941
0.351977
0.675082
0.679885
0.543460
0.610542
0.622307
0.378458
0.734714
0.772339
0.437188
0.305331
0.526845
0.505809
0.352900
0.396902
0.704569
0.556052
0.461889
0.519263
0.623339
0.411504
0.322515
0.339599
0.325714
0.341783
0.669128
0.663884
0.332665
0.605638
0.326986
0.565150
0.604031
0.358313
0.374647
0.655140
0.616062
0.610196
0.153669
0.228252
0.095460
0.692463
0.374038
0.640682
0.784370
0.343256
0.435522
0.461998
0.346662
0.229431
0.625628
0.345358
0.381303
0.380933
0.535176
0.798465
0.360700
0.415447
0.693192
0.343340
0.050933
0.558158
0.456151
0.431178
0.623347
0.805280
0.597085
0.443581
0.434496
0.431182
0.472858
0.400969
0.465271
0.654758
0.390234
0.285029
0.704697
0.627868
0.444952
0.220985
0.478362
0.327776
0.788085
0.707686
0.748500
0.298096
0.629291
0.725855
0.323359
0.641460
0.658540
0.384291
0.334756
0.298777
0.602020
0.371409
0.392501
0.330714
0.470383
0.375389
0.366955
0.449651
0.797715
0.382498
0.336660
0.178328
0.656451
0.570001
0.243588
0.549096
0.631174
0.322070
0.766442
0.405041
0.688119
0.740385
0.665907
0.406832
0.566975
0.304281
0.300754
0.552854
0.429364
0.284762
0.578198
0.697687
0.128971
0.680295
0.506465
0.489367
0.581284
0.773282
0.417218
0.464514
0.717529
0.315698
0.350786
0.416237
0.587858
0.243672
0.561395
0.429426
0.354726
0.445152
0.667147
0.419914
0.543954
0.324924
0.303369
0.479129
0.642327
0.630217
0.589113
0.716396
0.299947
0.457462
0.431137
0.542277
0.644605
0.376081
0.687938
0.386420
0.621363
0.612583
0.416857
0.660565
0.401414
0.392128
0.694049
0.700805
0.343484
0.803125
0.732706
0.494356
0.288853
0.643076
0.766450
0.223950
0.199156
0.259160
0.542502
0.246688
0.880182
0.768071
0.435158
0.444411
0.387555
0.489131
0.485038
0.565818
0.715886
0.797979
0.486943
0.272349
0.455115
0.438471
0.649642
0.571576
0.377804
0.573919
0.310350
0.558705
0.645788
0.331051
0.442289
0.480478
0.317750
0.457916
0.414479
0.561697
0.340597
0.651916
0.631992
0.016025
0.165383
0.508804
0.480971
0.686601
0.609772
0.650133
0.429916
0.548278
0.344317
0.473405
0.236643
0.488648
0.512814
0.532926
1.021722
0.483000
0.256961
0.382487
0.362943
0.354543
0.403458
0.429779
0.742479
0.567238
0.787582
0.434058
0.726895
0.632785
0.915107
0.703283
0.437466
0.641049
0.522330
0.650340
0.385735
0.446707
0.691948
0.370194
0.747653
0.371170
0.573101
0.283905
0.504172
0.542165
0.514130
0.514582
0.303778
0.575815
0.590582
0.509592
0.513434
0.325608
0.368305
0.515425
0.683227
0.718758
0.271570
0.589520
0.536525
0.350486
0.701778
0.486066
0.549406
0.621874
0.477338
0.610266
0.280722
0.649204
0.310416
0.542473
0.635776
0.499106
0.410283
0.625972
0.666732
0.558631
0.373964
0.637032
0.508442
0.673120
0.430599
0.440302
1.003775
0.698402
0.683530
0.426250
0.722024
0.435063
0.306838
0.283301
0.581213
0.412290
0.383517
0.549367
0.641774
0.741857
0.328510
0.655886
0.767627
0.589934
0.420609
0.352817
0.738146
0.601937
0.454173
0.462111
0.462899
0.558795
0.210775
0.479837
0.333790
0.726772
0.452929
0.138995
0.431125
0.375879
0.394003
0.518633
0.127001
0.548485
0.596883
0.566544
0.633028
0.544134
0.322568
0.571707
0.313392
0.310632
0.566057
0.288831
0.652393
0.501839
0.387725
0.385010
0.625787
0.287716
0.550901
0.705715
0.438352
0.639465
0.351483
0.528462
0.696579
0.414383
0.517434
0.501388
0.482125
0.191241
0.104858
0.211484
0.634253
0.402383
0.595940
0.471211
0.242097
0.247801
0.489027
0.630467
0.302963
0.373358
0.393010
0.327032
0.319961
0.616167
0.866459
0.534617
0.477926
0.422487
0.843678
0.590052
0.334424
0.563841
0.345159
0.466673
0.372096
0.593964
0.177774
0.867191
0.430000
0.696996
0.640672
0.456508
0.340301
0.534068
0.183090
0.108658
0.684690
0.787919
-0.101806
0.712505
0.717779
0.123346
0.555852
0.357670
0.290202
0.625925
0.086973
0.633432
0.759320
0.337201
0.481246
0.539194
0.263997
0.336678
0.612350
0.390406
0.659356
0.647347
0.692644
0.191281
0.257504
0.581669
0.241217
0.586676
0.942264
0.455359
0.500120
0.752127
0.497262
0.528862
0.681628
0.480505
0.401170
0.681333
0.195788
0.690547
0.513087
0.568380
0.497968
0.252680
0.419437
0.566682
0.575287
0.183324
0.326964
0.790720
0.621823
0.595820
0.350386
0.562724
0.092273
0.445927
0.557407
0.394461
0.391959
0.482210
0.537313
0.520267
0.712451
0.582750
0.427503
0.406167
0.363901
0.818600
0.254356
0.472016
0.200970
0.269733
0.209677
0.676444
0.457201
0.596032
0.629220
0.378953
0.824499
0.456109
0.566840
0.308467
0.472541
0.393813
0.410646
0.517598
0.700792
0.420626
0.432784
0.574614
0.558883
0.100448
0.709329
0.501255
0.343786
0.387248
0.501106
0.392463
0.661456
0.588941
0.469306
0.456344
0.422418
0.442181
0.566085
0.391380
0.283572
0.234965
0.520153
0.334644
0.716630
0.304595
0.424987
0.334714
0.616064
0.559956
0.705345
0.617685
0.479073
0.379056
0.774761
0.705097
0.462853
0.568272
0.577663
0.459821
0.704238
0.246637
0.756530
0.181018
0.402567
0.614999
0.224164
0.624147
0.528154
0.348217
0.332888
0.544427
0.408999
0.833761
0.534394
0.592086
0.318963
0.452642
0.666280
0.251801
0.624629
0.570282
0.582169
0.679159
0.603447
0.309500
0.597394
0.695704
0.460375
0.415299
0.223647
0.754192
0.595435
0.366310
0.722483
0.572614
0.283833
0.694157
0.368350
0.653347
0.574950
0.486728
0.343558
0.337362
0.518512
0.572317
0.520968
0.653319
0.397828
0.600505
0.331866
0.338075
0.232079
0.516447
0.710602
0.552613
0.667520
0.647185
0.802297
0.567593
0.303619
0.423260
0.595397
0.520406
0.532850
0.672302
0.670632
0.705871
0.242240
0.592076
0.375905
0.441825
0.410187
0.325252
0.676634
0.692213
0.601230
0.349812
0.271413
0.214511
0.844607
0.529109
0.411780
0.584034
0.349923
0.680180
0.426055
0.301097
0.631873
0.607569
0.401109
0.388430
0.501035
0.622039
0.248508
0.396917
0.640781
0.320261
0.194815
0.368977
0.554565
0.163297
0.687327
0.342461
0.653723
0.377277
0.293149
0.547816
0.569816
0.410531
0.569016
0.619626
0.411415
0.467545
0.520915
0.167978
0.623608
0.575220
0.554255
0.419685
0.344573
0.376985
0.606540
0.301224
0.662064
0.785144
0.311625
0.609993
0.400813
0.299759
0.365569
0.472488
0.271033
0.561271
0.556099
0.554180
0.492241
0.637709
0.283980
0.768717
0.758657
0.467515
0.793639
0.441581
0.210550
0.333034
0.544804
0.401627
0.182017
0.551950
0.259634
0.567837
0.585165
0.679443
0.600953
0.644113
0.231005
0.281093
0.333930
0.548323
0.430958
0.561219
0.245829
0.347516
0.865801
0.245286
0.049865
0.223643
0.737857
0.780380
0.741428
0.791710
0.723522
0.395243
0.429849
0.402646
0.610304
0.302648
0.700072
0.618038
0.219641
0.254417
0.568441
0.360712
0.386126
0.395233
0.742273
0.763615
0.779581
0.199341
0.704964
0.611402
0.328852
0.635749
0.594651
0.347036
0.484661
0.321203
0.650556
0.554666
0.613814
0.301017
0.298565
0.472299
0.319944
0.678284
0.653298
0.695916
0.643147
0.440032
0.644671
0.316415
0.430051
0.664409
0.589456
0.461335
0.317457
0.421135
0.258783
0.574556
0.326011
0.207914
0.446031
0.109654
0.534335
0.449754
0.419220
0.392919
0.282869
0.338769
0.678846
0.737370
0.407058
0.543641
0.317744
0.553935
0.476835
0.320193
0.340208
0.594793
0.643109
0.669856
0.301769
0.215532
0.334829
0.490660
0.291287
0.551005
0.409157
0.376295
0.613931
0.327945
0.298640
0.768397
0.294672
0.627881
0.642388
0.594806
0.672586
0.562748
0.585996
0.427315
0.372428
0.424523
0.547117
0.219275
0.339855
0.690539
0.362607
0.435149
0.690549
0.721029
0.338966
0.241071
0.717101
0.612719
0.530738
0.473845
0.397411
0.453104
0.783602
0.469375
0.582664
0.157513
0.286588
0.475544
0.614280
0.387629
0.381003
0.185824
0.704855
0.267739
0.531075
0.420503
0.218063
0.569952
0.506537
0.705689
0.583768
0.510785
0.318501
0.388880
0.869892
0.573074
0.785943
0.545138
0.543067
0.433832
0.291158
0.448493
0.414710
0.708126
0.433974
0.566026
0.677421
0.720925
0.592602
0.314879
0.558072
0.454324
0.540585
0.590312
0.706450
0.243250
0.632549
0.552178
0.607089
0.601938
0.653428
0.689694
0.599365
0.560527
0.720858
0.560300
0.692040
0.371582
0.539991
0.639567
0.544139
0.334912
0.467408
0.724360
0.614999
0.335936
0.417529
0.388380
0.363129
0.501733
0.602222
0.215099
0.471092
0.679113
0.593685
0.265810
0.624965
0.583772
0.649686
0.619197
0.562956
0.508063
0.459257
0.286749
0.856464
0.686040
0.404634
0.727262
0.505473
0.320099
0.487810
0.232980
0.245825
0.247897
0.411950
0.404630
0.702644
0.372525
0.668620
0.183100
0.438625
0.669706
0.871949
0.664251
0.467339
0.610879
0.660634
0.617249
0.377212
0.696737
0.513278
0.588869
0.429617
0.557479
0.392741
0.657619
0.611592
0.523153
0.561853
0.368218
0.446101
0.505253
0.412680
0.369174
0.735756
0.854493
0.361805
0.512888
0.786429
0.584802
0.063881
0.343557
0.653783
0.429583
0.686106
0.558722
0.080002
0.304642
0.823923
0.297454
0.513995
0.220349
0.495407
0.484644
0.459232
0.610832
0.548015
0.577854
0.684501
0.401453
0.386420
0.362888
0.519460
0.354384
0.636622
0.294478
0.648897
0.591742
0.574843
0.606960
0.351530
0.215973
0.416545
0.431963
0.225649
0.016579
0.124132
0.461607
0.462841
0.337407
0.747905
0.322532
0.520229
0.603638
0.311155
0.256117
0.441849
0.730607
0.389627
0.166579
0.619988
0.722104
0.585520
0.427170
0.669736
0.220155
0.360530
0.674865
0.274271
0.154901
0.249700
0.409956
0.604264
0.708740
0.138287
0.714564
0.342455
0.672186
0.527566
0.331151
0.542709
0.717974
0.393342
0.327323
0.462077
0.440966
0.409534
0.543057
0.561054
0.565611
0.542005
0.599140
0.609066
0.559105
0.394164
0.661385
0.404997
0.646381
0.456689
0.588432
0.222585
0.654924
0.729703
0.363366
0.651468
0.347163
0.338966
0.589635
0.493579
0.433702
0.539466
0.507832
0.628720
0.294896
0.571667
0.371514
0.665916
0.378577
0.839831
0.622777
0.742494
0.504633
0.550873
0.428269
0.316510
0.618153
0.340500
0.461401
0.594122
0.570219
0.307773
0.521413
0.330626
0.693267
0.283500
0.185228
0.712836
0.038663
0.549407
0.600817
0.446534
0.310990
0.558169
0.297368
0.425395
0.402946
0.582995
0.211726
0.594343
0.600970
0.799787
0.435016
0.477537
0.244950
0.487579
0.501034
0.673023
0.362172
0.391899
0.263446
0.672707
0.463082
0.581971
0.325205
0.456260
0.686125
0.434339
0.200279
0.678344
0.608856
0.592943
0.647452
0.302500
0.255573
0.552519
0.320876
0.457493
0.517012
0.447293
0.419237
0.417599
0.396665
0.581278
0.351477
0.441572
0.734965
0.735099
0.631143
0.626915
0.493476
0.564403
0.599423
0.477290
0.593268
0.477353
0.362552
0.367747
0.270287
0.526173
0.407585
0.526833
0.408114
0.442132
0.734154
0.599829
0.667928
0.439136
0.538162
0.690332
0.249016
0.251032
0.623143
0.679524
0.659577
0.410064
0.280621
0.442261
0.681989
0.510769
0.535388
0.154595
0.714536
0.631889
0.400930
0.405279
0.619002
0.848473
0.681803
0.704211
0.471553
0.354478
0.553525
0.227313
0.460295
0.289959
0.232895
0.413330
0.263724
0.458952
0.833362
0.420327
0.524343
0.386011
0.464944
0.587662
0.402745
0.574369
0.405009
0.478177
0.614492
0.543999
0.583627
0.378321
0.474691
0.223793
0.562675
0.219141
0.572542
0.176478
0.430711
0.486193
0.604989
0.536676
0.612654
0.424079
0.319833
0.580026
0.303417
0.729950
0.515909
0.823017
0.538285
0.636925
0.597683
0.444201
0.813532
0.751115
0.670532
0.451330
0.663962
0.460222
0.426979
0.674465
0.767433
0.697329
0.721933
0.143373
0.490826
0.795786
0.406822
0.578959
0.311937
0.741828
0.253246
0.672671
0.732709
0.403406
0.427582
0.654989
0.271540
0.184379
0.548814
0.279604
0.261220
0.438812
0.652458
0.540452
0.427767
0.298683
0.404165
0.429553
0.567157
0.173152
0.725451
0.493213
0.545814
0.381527
0.542169
0.594536
0.731826
0.866371
0.649223
0.473134
0.579922
0.696614
0.797352
0.580259
0.470112
0.400138
0.409495
0.612460
0.699833
0.377364
0.284084
0.357474
0.252290
0.403341
0.447418
0.285797
0.387910
0.830542
0.520029
0.660708
0.375935
0.404780
0.711588
0.553939
0.794599
0.697405
0.379045
0.236440
0.577120
0.366952
0.425014
0.488995
0.605035
0.445130
0.782704
0.326380
0.627956
0.647007
0.502038
0.405870
0.422126
0.452662
0.763655
0.563638
0.413414
0.252875
0.518087
0.568719
0.560204
0.540899
0.558244
0.236870
0.521834
0.329368
0.434542
0.338742
0.423217
0.428577
0.668628
0.559433
0.348716
0.506475
0.621136
0.993423
0.392300
0.565609
0.257953
0.596436
0.752079
0.373069
0.556566
0.626469
0.826527
0.311221
0.512702
0.386958
0.594076
0.503954
0.309190
0.758650
0.357052
0.372117
0.427983
0.625846
0.656664
0.364982
0.383632
0.548490
0.041893
0.509494
0.387938
0.452230
0.555958
0.345701
0.156142
0.639150
0.589299
0.657106
0.578304
0.343276
0.637140
0.526413
0.199487
0.699606
0.585688
0.303941
0.757803
0.088953
0.685761
0.439077
0.321415
0.572789
0.380434
0.725268
0.319929
0.531253
0.190601
0.584383
0.308558
0.363775
0.612860
0.339940
0.527149
0.672973
0.197774
0.368827
0.412560
0.409524
0.413546
0.390504
0.566091
0.700508
0.461296
0.522135
0.422405
0.474627
0.623998
0.655076
0.635297
0.315657
0.627076
0.609257
0.385689
0.467658
0.458196
0.650501
0.568557
0.706008
0.298873
0.490459
0.532926
0.638800
0.448769
0.595541
0.528833
0.663660
0.696724
0.381748
0.778276
0.620105
0.603240
0.342340
0.484189
0.082105
0.427813
0.536282
0.613466
0.321150
0.666955
0.707295
0.472176
0.420437
0.603363
0.436413
0.423251
0.333389
0.437739
0.954278
0.327441
0.590077
0.573803
0.548975
0.594526
0.660483
0.398301
0.288119
0.155594
0.400021
0.642357
0.763293
0.218732
0.352222
0.417216
0.296485
0.460994
0.358134
0.473846
0.693596
0.631563
0.313622
0.710713
0.606470
0.431224
0.411957
0.763125
0.510593
0.296172
0.435163
0.264469
0.498241
0.633600
0.664483
0.239379
0.321443
0.360615
0.680858
0.430373
0.236873
0.694042
0.442794
0.648709
0.312982
0.178119
0.377119
0.662823
0.566721
0.671680
0.331996
0.585940
0.778666
0.757646
0.648599
0.554343
0.603924
0.586850
0.500692
0.466968
0.824873
0.532234
0.444982
0.696639
0.495681
0.771938
0.939006
0.673127
0.366597
0.942452
0.478597
0.393147
0.485746
0.462242
0.316289
0.571403
0.799718
0.629130
0.630829
0.559179
0.412246
0.568109
0.714010
0.595455
0.350953
0.587047
0.669791
0.154236
0.550058
0.428255
0.500306
0.353622
0.472700
0.335988
0.350243
0.681982
0.609881
0.229952
0.751955
0.617737
0.330708
0.629794
0.272073
0.486312
0.575495
0.506074
0.158220
0.727152
0.896434
0.424442
0.512508
0.391272
0.227482
0.363270
0.741636
0.457308
0.542998
0.635280
0.540813
0.352130
0.349987
0.438149
0.511691
0.573251
0.697780
0.669883
0.637516
0.394125
0.443872
0.333624
0.391708
0.602539
0.427976
0.398127
0.619746
0.650504
0.529355
0.524653
0.578305
0.540377
0.448904
0.880002
0.554726
0.371934
0.599639
0.199980
0.672109
0.401255
0.603097
0.649513
0.604089
0.321331
0.309373
0.434955
0.305718
0.365861
0.823040
0.637190
0.716983
0.218660
0.619039
0.348105
0.595732
0.236288
0.709785
0.668361
0.544836
0.647930
0.411537
0.298291
0.512955
0.492813
0.862661
0.570671
0.368483
0.680914
0.408203
0.269502
0.459024
0.688141
0.463638
0.515941
0.705185
0.953410
0.473462
0.323680
0.530028
0.765524
0.515836
0.386016
0.624067
0.565567
0.416506
0.727754
0.641131
0.516872
0.352791
0.515200
0.492867
0.305050
0.777434
0.760474
0.435283
0.625824
0.359127
0.443464
0.322547
0.173216
0.390569
0.664540
0.362257
0.491297
0.396481
0.173904
0.687450
0.291709
0.444169
0.713417
0.637680
0.360868
0.316902
0.343331
0.320831
0.881493
0.267995
0.665599
0.545399
0.462590
0.750693
0.308642
0.351432
0.598487
0.677168
0.630246
0.438126
0.705955
0.226464
0.414037
0.518557
0.159532
0.246236
0.408270
0.253642
0.392745
0.609056
0.578972
0.621511
0.601847
0.595322
0.187040
0.352005
0.590226
0.086168
0.654115
0.539979
0.799928
0.496971
0.419982
0.414451
0.702909
0.302457
0.776733
0.877502
0.245377
0.474082
0.787181
0.593720
0.447181
0.504430
0.541831
0.818775
0.467137
1.066442
0.703232
0.358826
0.463072
0.725994
0.536937
0.447425
0.273223
0.598289
0.428204
0.689226
0.639632
0.335352
0.557228
0.415664
0.044188
0.351947
0.486719
0.497290
0.411947
0.579604
0.537249
0.769373
0.260123
0.629204
0.687389
0.255230
0.574130
0.695525
0.527877
0.194809
0.678662
0.388113
0.414209
0.805693
0.450144
0.182689
0.604131
0.430211
0.359251
0.662540
0.567175
0.551655
0.348276
0.469943
0.446239
0.411969
0.497408
0.447166
0.387587
0.569119
0.581551
0.776565
0.623276
0.793964
0.392637
0.411690
0.570831
0.276860
0.351471
0.602816
0.711712
0.544761
0.266673
0.424282
0.563770
0.478620
0.634414
0.635644
0.372157
0.312209
0.464195
0.345770
0.474961
0.232648
0.559127
0.135459
0.466677
0.409559
0.748369
0.401136
0.344585
0.422348
0.088714
0.441922
0.704883
0.327988
0.288582
0.112479
0.536018
0.532746
0.514118
0.331051
0.448842
0.270767
0.511028
0.719619
0.384345
0.556367
0.637502
0.731254
0.577903
0.364122
0.534097
0.535891
0.343323
0.440667
0.363312
0.400797
0.607772
0.541441
0.329343
0.461416
0.396758
0.317347
0.551394
0.194905
0.453487
0.504779
0.471789
0.493988
0.704122
0.304549
0.352397
0.480368
0.548306
0.392567
0.389944
0.633780
0.749555
0.679056
0.308140
0.423322
0.337466
0.507776
0.253157
0.736488
0.394236
0.369326
0.677443
0.403175
0.769252
0.648709
0.628288
0.560887
0.641989
0.104287
0.460316
0.837223
0.413264
0.692817
0.511574
0.697637
0.216152
0.407544
0.577129
0.544902
0.591263
